boolean_table hx_face_down_1_ 000006
0 0 0 0 0 0 0 0 0 0 0 0
0 0 0 0 0 0 0 0 0 0 0 0
0 0 0 0 1 0 1 1 1 0 0 0
0 0 0 0 1 0 0 0 0 0 0 1
boolean_table hx_face_down_1_ 000007
0 0 0 0 0 0 0 0 0 0 0 0
0 0 0 0 0 0 0 0 0 0 0 0
1 0 0 0 1 0 1 0 1 1 0 1
0 0 0 0 1 0 0 0 0 0 0 0
boolean_table hx_face_down_1_ 000008
0 0 0 0 0 0 0 0 0 0 0 0
0 0 0 0 0 0 0 0 0 0 0 0
1 0 1 0 1 0 1 1 1 0 0 1
0 0 0 0 0 1 0 0 0 0 1 0
boolean_table hx_face_down_1_ 000009
0 0 0 0 0 0 0 0 0 0 0 0
0 0 0 0 0 0 0 0 0 0 0 0
0 0 0 0 1 1 0 0 0 0 0 0
0 0 0 0 1 1 0 0 0 0 0 0
boolean_table hx_face_down_1_ 000010
0 0 0 0 0 0 0 0 0 0 0 0
0 0 0 0 0 0 0 0 0 0 0 0
0 0 0 0 0 0 0 0 0 1 0 1
0 0 0 0 0 0 0 0 0 0 0 0
boolean_table hx_face_down_1_ 000011
0 0 0 0 0 0 0 0 0 0 0 0
0 0 0 0 0 0 0 0 0 0 0 0
0 0 0 0 0 0 0 1 0 0 0 1
0 0 0 0 0 0 0 0 0 0 0 0
boolean_table hx_face_down_1_ 000012
0 0 0 0 0 0 0 0 0 0 0 0
0 0 0 0 0 0 0 0 0 0 0 0
0 0 0 0 0 0 0 0 0 0 0 1
0 0 0 0 0 0 0 0 0 0 0 0
boolean_table hx_face_down_1_ 000013
0 0 0 0 0 0 0 0 0 0 0 0
0 0 0 0 0 0 0 0 0 0 0 0
0 0 0 0 1 0 1 0 1 0 0 0
0 0 0 0 0 0 0 0 0 0 1 0
boolean_table hx_face_down_1_ 000014
0 0 0 0 0 0 0 0 0 0 0 0
0 0 0 0 0 0 0 0 0 0 0 0
0 0 0 1 1 1 1 1 1 1 1 1
0 0 0 0 0 1 1 0 1 0 0 1
boolean_table hx_face_down_1_ 000015
0 0 0 0 0 0 0 0 0 0 0 0
0 0 0 0 0 0 0 0 0 0 0 0
0 0 0 0 0 0 0 1 0 0 0 1
0 0 0 0 0 0 0 0 0 0 0 0
boolean_table hx_face_down_1_ 000016
0 0 0 0 0 0 0 0 0 0 0 0
0 0 0 0 0 0 0 0 0 0 0 0
0 0 0 0 1 1 0 1 1 0 0 1
0 0 0 0 1 0 0 1 0 0 0 0
boolean_table hx_face_down_1_ 000017
0 0 0 0 0 0 0 0 0 0 0 0
0 0 0 0 0 0 0 0 0 0 0 0
0 0 0 0 0 1 0 0 0 0 1 1
0 0 0 0 0 0 0 0 0 0 0 1
boolean_table hx_face_down_1_ 000018
0 0 0 0 0 0 0 0 0 0 0 0
0 0 0 0 0 0 0 0 0 0 0 0
0 0 0 0 0 1 0 0 0 0 0 1
0 0 0 0 0 1 0 0 0 0 0 0
boolean_table hx_face_down_1_ 000019
0 0 0 0 0 0 0 0 0 0 0 0
0 0 0 0 0 0 0 0 0 0 0 0
1 0 1 0 1 1 0 0 0 1 0 1
0 0 0 0 1 0 0 0 0 0 0 0
boolean_table hx_face_down_1_ 000020
0 0 0 0 0 0 0 0 0 0 0 0
0 0 0 0 0 0 0 0 0 0 0 0
0 0 0 0 0 0 0 0 1 0 1 1
0 0 0 0 0 1 0 1 1 0 0 1
boolean_table hx_face_down_1_ 000021
0 0 0 0 0 0 0 0 0 0 0 0
0 0 0 0 0 0 0 0 0 0 0 0
0 0 0 0 1 0 0 0 0 0 0 1
0 0 0 0 0 0 0 0 0 0 0 0
boolean_table hx_face_down_1_ 000022
0 0 0 0 0 0 0 0 0 0 0 0
0 0 0 0 0 0 0 0 0 0 0 0
0 0 0 0 0 0 0 0 0 0 0 1
0 0 0 0 0 0 0 0 0 0 0 0
boolean_table hx_face_down_1_ 000023
0 0 0 0 0 0 0 0 0 0 0 0
0 0 0 0 0 0 0 0 0 0 0 0
0 0 0 0 1 1 1 1 1 0 0 1
0 0 0 0 0 0 0 0 0 0 0 1
boolean_table hx_face_down_1_ 000024
0 0 0 0 0 0 0 0 0 0 0 0
0 0 0 0 0 0 0 0 0 0 0 0
0 0 0 0 0 0 0 1 1 0 0 0
0 0 0 0 0 0 0 0 0 0 1 0
boolean_table hx_face_down_1_ 000025
0 0 0 0 0 0 0 0 0 0 0 0
0 0 0 0 0 0 0 0 0 0 0 0
0 0 0 0 0 1 0 0 1 0 0 1
0 0 0 0 0 1 0 0 0 0 0 0
boolean_table hx_face_down_1_ 000026
0 0 0 0 0 0 0 0 0 0 0 0
0 0 0 0 0 0 0 0 0 0 0 0
0 0 1 0 1 0 1 1 0 1 1 1
0 0 0 0 0 0 0 0 0 0 0 1
boolean_table hx_face_down_1_ 000027
0 0 0 0 0 0 0 0 0 0 0 0
0 0 0 0 0 0 0 0 0 0 0 0
0 0 0 0 1 0 0 0 0 0 0 1
0 0 0 0 0 1 0 0 0 0 0 0
boolean_table hx_face_down_1_ 000028
0 0 0 0 0 0 0 0 0 0 0 0
0 0 0 0 0 0 0 0 0 0 0 0
0 1 0 0 0 1 1 1 1 0 0 1
0 0 0 0 0 1 0 0 0 0 0 1
