2.84636 13091.7 12934.5 157.2
2.85205 13051.5 12934.5 117
2.85775 13078 12934.5 143.5
2.86344 13095.2 12934.5 160.7
2.86913 13110 12934.5 175.5
2.87482 13143.8 12934.5 209.3
2.88051 13075.5 12934.5 141
2.8862 13134 12934.5 199.5
2.89189 13313.2 12934.5 378.7
2.89759 13642.8 12934.5 708.3
2.90328 13981.3 12934.5 1046.8
2.90897 14187.1 12934.5 1252.6
2.91466 14185.6 12934.5 1251.1
2.92035 13782.3 12934.5 847.8
2.92604 13433.8 12934.5 499.3
2.93173 13166.5 12934.5 232
2.93742 13109.4 12934.5 174.9
2.94312 13048.8 12934.5 114.3
2.94881 13013.8 12934.5 79.3
2.9545 12979.7 12934.5 45.2
2.96019 12965.5 12934.5 31
2.96588 12982.9 12934.5 48.4
2.97157 12978.2 12934.5 43.7
2.97726 12933.3 12934.5 -1.2
2.98296 12947.4 12934.5 12.9
2.98865 12921.8 12934.5 -12.7
2.99434 12945.2 12934.5 10.7
3.00003 12928 12934.5 -6.5
3.00572 12908.9 12926.6 -17.7
3.01141 12855.5 12918.8 -63.3
3.0171 12835.6 12911 -75.4
3.02279 12881.4 12903.4 -22
3.02848 12863.4 12895.9 -32.5
3.03418 12875 12888.1 -13.1
3.03987 12881.2 12879.9 1.3
3.04556 12913.3 12871.7 41.6
3.05125 12842.8 12863.1 -20.3
3.05694 12848 12854.1 -6.1
3.06263 12875.1 12845.2 29.9
3.06832 12855.6 12836.3 19.3
3.07401 12864.4 12827.5 36.9
3.0797 12920.6 12818.7 101.9
3.0854 12905.2 12811.2 94
3.09109 12872.1 12803.6 68.5
3.09678 12862 12796.3 65.7
3.10247 12791.9 12790.2 1.7
3.10816 12874.3 12784 90.3
3.11385 12826.9 12778 48.9
3.11954 12866.1 12772.4 93.7
3.12523 12831.2 12766.7 64.5
3.13092 12756.9 12760.7 -3.8
3.13662 12835.7 12754.6 81.1
3.14231 12826.5 12748.4 78.1
3.148 12812 12741.7 70.3
3.15369 12777.6 12734.8 42.8
3.15938 12798.9 12728 70.9
3.16507 12757.9 12721.4 36.5
3.17076 12788.4 12714.8 73.6
3.17645 12779.8 12708.6 71.2
3.18214 12763.8 12703.3 60.5
3.18783 12873.7 12698.1 175.6
3.19352 12931.7 12693.5 238.2
3.19922 12913.5 12689.8 223.7
3.20491 12871.3 12686.1 185.2
3.2106 12822.1 12682.8 139.3
3.21629 12767.2 12679.8 87.4
3.22198 12714.2 12676.8 37.4
3.22767 12727 12673.5 53.5
3.23336 12731.4 12670.1 61.3
3.23905 12740.3 12666.7 73.6
3.24474 12734.1 12662.8 71.3
3.25043 12692.3 12658.9 33.4
3.25612 12722.5 12655 67.5
3.26182 12706.6 12651.5 55.1
3.26751 12683.3 12647.9 35.4
3.2732 12726.8 12645 81.8
3.27889 12699.2 12642.9 56.3
3.28458 12720.4 12640.8 79.6
3.29027 12712 12639.7 72.3
3.29596 12806.8 12639.4 167.4
3.30165 12698.7 12639 59.7
3.30734 12711 12639.3 71.7
3.31303 12713.6 12639.8 73.8
3.31872 12674.4 12640.3 34.1
3.32441 12734.9 12640.6 94.3
3.3301 12725.4 12641 84.4
3.3358 12703 12641.2 61.8
3.34149 12757.8 12641.1 116.7
3.34718 12747.3 12641 106.3
3.35287 12758.7 12641.2 117.5
3.35856 12757.5 12641.6 115.9
3.36425 12763.4 12642 121.4
3.36994 12772.3 12643.4 128.9
3.37563 12840.5 12645.4 195.1
3.38132 12895.5 12647.4 248.1
3.38701 12975.2 12650.9 324.3
3.3927 13112.1 12654.9 457.2
3.39839 13315.9 12658.8 657.1
3.40408 13630.8 12663.9 966.9
3.40977 14025.2 12668.9 1356.3
3.41546 14069.4 12674.1 1395.3
3.42115 13867.6 12679.5 1188.1
3.42685 13539.2 12684.9 854.3
3.43254 13284.9 12690.3 594.6
3.43823 13009.2 12695.9 313.3
3.44392 12921.9 12701.5 220.4
3.44961 12864.3 12707.6 156.7
3.4553 12847.2 12714.2 133
3.46099 12841.3 12720.7 120.6
3.46668 12824.7 12728.9 95.8
3.47237 12849 12737.5 111.5
3.47806 12832.7 12746.2 86.5
3.48375 12859.9 12757.1 102.8
3.48944 12839.8 12768.1 71.7
3.49513 12843.9 12779.4 64.5
3.50082 12835 12792 43
3.50651 12865.2 12804.5 60.7
3.5122 12842.9 12817.2 25.7
3.51789 12932.4 12830.2 102.2
3.52358 12920.5 12843.2 77.3
3.52927 12885.1 12856.3 28.8
3.53496 12943.8 12869.4 74.4
3.54065 12936.1 12882.5 53.6
3.54634 12956.5 12896.3 60.2
3.55203 12965.2 12910.3 54.9
3.55773 12984.5 12924.3 60.2
3.56342 12981 12940.4 40.6
3.56911 13017.4 12956.4 61
3.5748 13046.9 12973 73.9
3.58049 13101.5 12991.6 109.9
3.58618 13084.2 13010.1 74.1
3.59187 13109.3 13029.5 79.8
3.59756 13081.1 13049.9 31.2
3.60325 13118.5 13070.3 48.2
3.60894 13146.7 13091.3 55.4
3.61463 13164.2 13112.6 51.6
3.62032 13205.8 13134 71.8
3.62601 13208 13155.9 52.1
3.6317 13226.1 13177.9 48.2
3.63739 13255.3 13199.9 55.4
3.64308 13268.6 13223.5 45.1
3.64877 13264.1 13247.2 16.9
3.65446 13293.5 13271.5 22
3.66015 13334.9 13298.3 36.6
3.66584 13365 13325 40
3.67153 13409.9 13353.6 56.3
3.67722 13417.3 13384.4 32.9
3.68291 13479.4 13415.2 64.2
3.6886 13536.3 13448.6 87.7
3.69429 13575.4 13483.6 91.8
3.69998 13618.5 13518.5 100
3.70567 13637.6 13556.8 80.8
3.71136 13631.1 13595.7 35.4
3.71705 13642.4 13634.9 7.5
3.72274 13745.8 13678.9 66.9
3.72843 13846.7 13722.9 123.8
3.73412 13952.6 13768.8 183.8
3.73981 14032.2 13820.7 211.5
3.7455 14236.8 13872.5 364.3
3.75119 14632.8 13929.8 703
3.75688 15168.6 13993.9 1174.7
3.76257 15674.4 14058 1616.4
3.76826 15905.1 14133.6 1771.5
3.77395 15675.2 14215.5 1459.7
3.77964 15264.4 14297.4 967
3.78533 15022.2 14401.1 621.1
3.79102 14935.6 14508.7 426.9
3.79671 15015.5 14618.2 397.3
3.8024 15023.4 14765.3 258.1
3.80809 15145.7 14912.3 233.4
3.81378 15307 15075.8 231.2
3.81947 15518.7 15289.1 229.6
3.82516 15776.3 15502.4 273.9
3.83085 15999.6 15769.8 229.8
3.83654 16222.4 16104 118.4
3.84223 16614.6 16438.2 176.4
3.84792 17071.6 16928 143.6
3.85361 17643.5 17502.4 141.1
3.8593 18294.1 18076.9 217.2
3.86499 19041.4 19105.9 -64.5
3.87068 20173.8 20216.3 -42.5
3.87637 21666.5 21396.7 269.8
3.88206 23773.5 23945.1 -171.6
3.88775 26959.9 26493.5 466.4
3.89344 30403.3 29749.6 653.7
3.89913 37084.1 35137.7 1946.4
3.90482 48153.5 44687.4 3466.1
3.91051 66687.5 57950.7 8736.8
3.9162 100454 83383.1 17070.9
3.92189 137240 127958 9282
3.92758 206486 200372 6114
3.93326 289844 303824 -13980
3.93895 363494 411189 -47695
3.94464 405534 466943 -61409
3.95033 391584 427537 -35953
3.95602 293572 316820 -23248
3.96171 204547 202961 1586
3.9674 131712 124555 7157
3.97309 83520.8 81591.9 1928.9
3.97878 58953 57202.5 1750.5
3.98447 39603.9 43417.9 -3814
3.99016 31293.8 35902.2 -4608.4
3.99585 26652.5 31281.4 -4628.9
4.00154 23872.4 26660.6 -2788.2
4.00723 22327.8 23923 -1595.2
4.01292 21033.8 22189 -1155.2
4.01861 20017.1 20455.1 -438
4.0243 19537.4 19515.6 21.8
4.02999 19141.4 18713.3 428.1
4.03568 18661.2 17931.4 729.8
4.04137 18277.3 17511.9 765.4
4.04706 17481 17092.5 388.5
4.05275 17055.5 16719.7 335.8
4.05843 16806.9 16484.4 322.5
4.06412 16615.5 16249 366.5
4.06981 16618.8 16058.6 560.2
4.0755 16390.3 15922.2 468.1
4.08119 16386.5 15785.8 600.7
4.08688 16340.7 15687.7 653
4.09257 16270.5 15609.9 660.6
4.09826 16136.3 15532.1 604.2
4.10395 15996.1 15488.3 507.8
4.10964 15756.8 15450.4 306.4
4.11533 15688 15414.2 273.8
4.12102 15666.7 15409.6 257.1
4.12671 15633.5 15405.1 228.4
4.1324 15697.8 15409 288.8
4.13809 15550.9 15437.7 113.2
4.14377 15558.4 15466.5 91.9
4.14946 15613.8 15513.3 100.5
4.15515 15637.2 15581.8 55.4
4.16084 15755.1 15650.2 104.9
4.16653 15757.4 15757.2 0.2
4.17222 15787.1 15884.3 -97.2
4.17791 15893.9 16011.5 -117.6
4.1836 16006.8 16226.8 -220
4.18929 16195.4 16457.1 -261.7
4.19498 16386.8 16699.3 -312.5
4.20067 16423.8 17144.3 -720.5
4.20636 16707.5 17589.3 -881.8
4.21204 17045.7 18172.3 -1126.6
4.21773 17541.5 19156 -1614.5
4.22342 18129.5 20139.6 -2010.1
4.22911 18797.1 21949 -3151.9
4.2348 19927.7 24742 -4814.3
4.24049 22509.9 27535 -5025.1
4.24618 27663.3 33423.9 -5760.6
4.25187 38979.4 43538.3 -4558.9
4.25756 60897.9 61201.7 -303.8
4.26325 94430.1 93696.2 733.9
4.26894 157589 148638 8951
4.27462 223014 221352 1662
4.28031 261632 282897 -21265
4.286 261301 291198 -29897
4.29169 207410 234239 -26829
4.29738 149180 154325 -5145
4.30307 96119.4 93221.3 2898.1
4.30876 62330.2 61778.7 551.5
4.31445 44042.6 41663.7 2378.9
4.32014 35955.1 33444.8 2510.3
4.32582 30155.4 28740.7 1414.7
4.33151 27586.4 25870.2 1716.2
4.3372 26688.1 22999.8 3688.3
4.34289 26020.5 21920.3 4100.2
4.34858 26379.7 21139 5240.7
4.35427 25639.2 20401 5238.2
4.35996 25759.3 20376 5383.3
4.36565 26065.4 20351 5714.4
4.37133 26241.7 20461.3 5780.4
4.37702 26885.4 20962.5 5922.9
4.38271 27118.3 21463.7 5654.6
4.3884 27433.5 22276.2 5157.3
4.39409 28362.6 23458.2 4904.4
4.39978 29327.6 24640.1 4687.5
4.40547 30785.6 26682 4103.6
4.41116 32825.9 29172.2 3653.7
4.41684 34366.2 31662.4 2703.8
4.42253 37869.5 35843.9 2025.6
4.42822 42953.3 41483.4 1469.9
4.43391 50187.8 48728.5 1459.3
4.4396 61389.3 60030.9 1358.4
4.44529 76860.1 77258.4 -398.3
4.45098 105437 103391 2046
4.45667 159311 148685 10626
4.46235 248504 229273 19231
4.46804 391882 369315 22567
4.47373 591038 595072 -4034
4.47942 824806 893221 -68415
4.48511 1.06125e+06 1.1657e+06 -104450
4.4908 1.10203e+06 1.25046e+06 -148430
4.49649 965294 1.07076e+06 -105466
4.50217 746408 745489 919
4.50786 468723 455378 13345
4.51355 274297 271788 2509
4.51924 162675 170983 -8308
4.52493 103924 115635 -11711
4.53062 73234 84809.2 -11575.2
4.5363 56102.9 64937.5 -8834.6
4.54199 43307.2 51876.1 -8568.9
4.54768 35696.7 43682.8 -7986.1
4.55337 31091.8 37997.5 -6905.7
4.55906 27802.2 32312.3 -4510.1
4.56475 25983.2 28653.8 -2670.6
4.57043 23538.8 26055.8 -2517
4.57612 21968 23457.8 -1489.8
4.58181 20707.9 21901.6 -1193.7
4.5875 19744.6 20520.3 -775.7
4.59319 19029.6 19170.6 -141
4.59888 18333 18351.8 -18.8
4.60456 17597.3 17533.1 64.2
4.61025 16992.2 16789.2 203
4.61594 16631.9 16263.1 368.8
4.62163 16213.5 15737 476.5
4.62732 15940.7 15287.2 653.5
4.63301 15473.3 14928.8 544.5
4.63869 15172.1 14570.4 601.7
4.64438 14896.9 14279.3 617.6
4.65007 14648 14023.6 624.4
4.65576 14436 13767.9 668.1
4.66145 14221.3 13567.5 653.8
4.66713 13981.1 13376.4 604.7
4.67282 13792.7 13187.5 605.2
4.67851 13610.6 13037.2 573.4
4.6842 13482 12886.9 595.1
4.68989 13368.1 12743.5 624.6
4.69558 13185.2 12620.1 565.1
4.70126 13135.2 12496.7 638.5
4.70695 13022 12382.4 639.6
4.71264 12962.1 12279.2 682.9
4.71833 12819.6 12176 643.6
4.72402 12611 12084 527
4.7297 12433.7 11998 435.7
4.73539 12273.2 11911.9 361.3
4.74108 12175.2 11838 337.2
4.74677 12115.8 11766.2 349.6
4.75246 12031.6 11694.9 336.7
4.75814 11941.2 11633.2 308
4.76383 11812.4 11571.5 240.9
4.76952 11772.1 11511.3 260.8
4.77521 11701.7 11455.4 246.3
4.78089 11677.1 11399.5 277.6
4.78658 11563.8 11345.1 218.7
4.79227 11485.8 11292.5 193.3
4.79796 11411.8 11239.9 171.9
4.80365 11356.9 11189.6 167.3
4.80933 11318.9 11140.4 178.5
4.81502 11268.4 11091.3 177.1
4.82071 11213.2 11046.2 167
4.8264 11159.9 11001.9 158
4.83208 11084.8 10957.8 127
4.83777 11078.4 10918.7 159.7
4.84346 11046.9 10879.7 167.2
4.84915 10950.8 10841.6 109.2
4.85484 10960.4 10806.3 154.1
4.86052 10931.2 10771.1 160.1
4.86621 10877.1 10736.5 140.6
4.8719 10818.3 10702.7 115.6
4.87759 10763.1 10668.9 94.2
4.88327 10683.8 10635.1 48.7
4.88896 10682 10601.3 80.7
4.89465 10642.3 10567.6 74.7
4.90034 10614 10534.3 79.7
4.90602 10584.7 10501.2 83.5
4.91171 10488.2 10468.2 20
4.9174 10431.4 10437.4 -6
4.92309 10404.2 10406.5 -2.3
4.92877 10406.1 10376.5 29.6
4.93446 10368.4 10348.9 19.5
4.94015 10360.1 10321.3 38.8
4.94584 10288.7 10294.8 -6.1
4.95152 10305.7 10269.6 36.1
4.95721 10274.5 10244.4 30.1
4.9629 10261.8 10219.6 42.2
4.96859 10230.8 10195.1 35.7
4.97427 10184 10170.5 13.5
4.97996 10182.9 10145.4 37.5
4.98565 10201 10120.3 80.7
4.99134 10118.8 10095.2 23.6
4.99702 10122.6 10070.2 52.4
5.00271 10100.7 10045.2 55.5
5.0084 10052.6 10020.5 32.1
5.01409 10075.7 9997.04 78.66
5.01977 10026.8 9973.59 53.21
5.02546 9979.97 9951.27 28.7
5.03115 9964.53 9930.36 34.17
5.03684 9940.49 9909.45 31.04
5.04252 9922.64 9889.8 32.84
5.04821 9929.05 9870.84 58.21
5.0539 9948.21 9851.89 96.32
5.05958 9936.14 9833.32 102.82
5.06527 9939.73 9814.82 124.91
5.07096 9992.45 9796.31 196.14
5.07665 10025.5 9777.34 248.16
5.08233 10060.3 9758.38 301.92
5.08802 10074.9 9739.42 335.48
5.09371 10024.9 9720.49 304.41
5.09939 9966.62 9701.56 265.06
5.10508 9897.79 9683.25 214.54
5.11077 9858.49 9665.73 192.76
5.11646 9780.51 9648.21 132.3
5.12214 9752.88 9632.15 120.73
5.12783 9732.73 9616.9 115.83
5.13352 9686.86 9601.66 85.2
5.1392 9686.99 9587.93 99.06
5.14489 9663.4 9574.48 88.92
5.15058 9651.12 9561.05 90.07
5.15626 9650.87 9548.12 102.75
5.16195 9669.24 9535.18 134.06
5.16764 9665.77 9522.18 143.59
5.17333 9628.63 9508.96 119.67
5.17901 9605.08 9495.75 109.33
5.1847 9596.53 9482.62 113.91
5.19039 9568.03 9469.62 98.41
5.19607 9608.86 9456.61 152.25
5.20176 9596.82 9444.53 152.29
5.20745 9612.08 9432.99 179.09
5.21313 9646.07 9421.44 224.63
5.21882 9685.3 9411.75 273.55
5.22451 9650.59 9402.42 248.17
5.23019 9622.03 9393.16 228.87
5.23588 9558.51 9385.6 172.91
5.24157 9541.99 9378.04 163.95
5.24725 9491.54 9370.63 120.91
5.25294 9513.09 9363.69 149.4
5.25863 9531.05 9356.75 174.3
5.26431 9492.32 9349.8 142.52
5.27 9510.47 9342.84 167.63
5.27569 9458.99 9335.87 123.12
5.28137 9483.34 9329.21 154.13
5.28706 9474.74 9322.73 152.01
5.29275 9493.19 9316.25 176.94
5.29843 9499.08 9311.16 187.92
5.30412 9549.96 9306.34 243.62
5.30981 9627.03 9301.6 325.43
5.31549 9620.15 9299.11 321.04
5.32118 9705.53 9296.62 408.91
5.32687 9730.05 9296.93 433.12
5.33255 9721.6 9306.73 414.87
5.33824 9683.93 9316.53 367.4
5.34393 9594.74 9322.62 272.12
5.34961 9576.05 9323.71 252.34
5.3553 9503.59 9324.8 178.79
5.36099 9453.34 9326.46 126.88
5.36667 9461.12 9328.46 132.66
5.37236 9436.64 9330.47 106.17
5.37805 9452.64 9333.32 119.32
5.38373 9434.16 9336.35 97.81
5.38942 9445.99 9339.43 106.56
5.3951 9455.15 9344.54 110.61
5.40079 9417.19 9349.64 67.55
5.40648 9441.24 9355.51 85.73
5.41216 9430.87 9364.08 66.79
5.41785 9476.22 9372.66 103.56
5.42354 9438.35 9382.83 55.52
5.42922 9474.99 9395.2 79.79
5.43491 9490.79 9407.57 83.22
5.4406 9545.64 9416.73 128.91
5.44628 9536.79 9423.91 112.88
5.45197 9569.67 9431.09 138.58
5.45765 9636.51 9445.56 190.95
5.46334 9694.76 9461.66 233.1
5.46903 9766.65 9477.77 288.88
5.47471 9853.59 9495.02 358.57
5.4804 9876.72 9512.27 364.45
5.48608 9811.59 9530.1 281.49
5.49177 9750.5 9550.07 200.43
5.49746 9691.68 9570.04 121.64
5.50314 9681.86 9591.77 90.09
5.50883 9637.94 9615.97 21.97
5.51452 9623.22 9640.16 -16.94
5.5202 9647.77 9667.01 -19.24
5.52589 9657.52 9695.53 -38.01
5.53157 9674.14 9724.05 -49.91
5.53726 9711.11 9755.15 -44.04
5.54295 9730.53 9786.83 -56.3
5.54863 9743.63 9818.55 -74.92
5.55432 9771.06 9852.58 -81.52
5.56 9826.26 9886.6 -60.34
5.56569 9802.78 9921.31 -118.53
5.57138 9871.16 9958.6 -87.44
5.57706 9918.05 9995.89 -77.84
5.58275 9957.18 10035.6 -78.42
5.58843 9984.06 10078.7 -94.64
5.59412 9999.59 10121.9 -122.31
5.5998 10093.3 10170.4 -77.1
5.60549 10119.6 10222.3 -102.7
5.61118 10121.9 10274.2 -152.3
5.61686 10199.6 10334.8 -135.2
5.62255 10264.7 10397.5 -132.8
5.62823 10327.8 10460.2 -132.4
5.63392 10409.9 10535.5 -125.6
5.6396 10480 10610.8 -130.8
5.64529 10584.8 10689.5 -104.7
5.65098 10672.8 10781.7 -108.9
5.65666 10670.1 10873.8 -203.7
5.66235 10762.4 10976.6 -214.2
5.66803 10903.4 11095.1 -191.7
5.67372 10983.6 11213.7 -230.1
5.6794 11143.8 11358.9 -215.1
5.68509 11295.4 11521.9 -226.5
5.69078 11459.2 11684.9 -225.7
5.69646 11694.7 11908.4 -213.7
5.70215 11924 12147.4 -223.4
5.70783 12190.5 12386.3 -195.8
5.71352 12414.1 12760.1 -346
5.7192 12639.4 13134.5 -495.1
5.72489 13004.7 13560.2 -555.5
5.73057 13429.5 14199.1 -769.6
5.73626 13991.9 14838 -846.1
5.74195 14712.8 15707.2 -994.4
5.74763 15538.2 16933 -1394.8
5.75332 16453 18158.9 -1705.9
5.759 18083.9 20300.9 -2217
5.76469 20383.3 23077.3 -2694
5.77037 23667 25853.7 -2186.7
5.77606 28942.1 30963.1 -2021
5.78174 36624.4 38560.2 -1935.8
5.78743 48868.3 49093.4 -225.1
5.79311 72739.6 68140.4 4599.2
5.7988 112730 100283 12447
5.80448 174349 151993 22356
5.81017 249843 230513 19330
5.81585 313080 326677 -13597
5.82154 371485 406779 -35294
5.82722 368673 424210 -55537
5.83291 316313 362907 -46594
5.8386 240060 261040 -20980
5.84428 170288 169168 1120
5.84997 121650 108079 13571
5.85565 84902.5 73211.2 11691.3
5.86134 59845.6 52157.7 7687.9
5.86702 44410.6 39679.2 4731.4
5.87271 35208.3 32505.1 2703.2
5.87839 29184.8 27162.5 2022.3
5.88408 25736.1 23437.2 2298.9
5.88976 22491.1 21354.8 1136.3
5.89545 20235.2 19272.3 962.9
5.90113 18627.6 17614.7 1012.9
5.90682 17486.8 16664.3 822.5
5.9125 16547.2 15713.9 833.3
5.91819 15892.3 15025.6 866.7
5.92387 15279 14532.2 746.8
5.92956 14686.9 14038.9 648
5.93524 14280.1 13708.7 571.4
5.94093 13838.9 13426.8 412.1
5.94661 13682.5 13144.9 537.6
5.9523 13407.3 12967.8 439.5
5.95798 13095.1 12793.9 301.2
5.96366 12939.1 12630.4 308.7
5.96935 12696.8 12517.9 178.9
5.97503 12560.2 12405.5 154.7
5.98072 12534.6 12299.3 235.3
5.9864 12434.1 12204 230.1
5.99209 12310.4 12108.8 201.6
5.99777 12265.6 12039.4 226.2
6.00346 12169.7 11990 179.7
6.00914 12132.2 11940.7 191.5
6.01483 12086.8 11902.7 184.1
6.02051 12071.5 11868.3 203.2
6.0262 12054.8 11833.9 220.9
6.03188 11992.3 11816.5 175.8
6.03757 12005.5 11799.8 205.7
6.04325 12005.2 11782.4 222.8
6.04894 12022.3 11761.2 261.1
6.05462 12056.3 11739.9 316.4
6.0603 12064.2 11718.8 345.4
6.06599 12045.5 11697.9 347.6
6.07167 12129.7 11676.9 452.8
6.07736 12183.2 11655.7 527.5
6.08304 12227.3 11634.3 593
6.08873 12260.1 11612.9 647.2
6.09441 12284.4 11591.1 693.3
6.1001 12264.3 11569.3 695
6.10578 12375.9 11547.4 828.5
6.11146 12491.2 11524.6 966.6
6.11715 12660.2 11501.7 1158.5
6.12283 12706.5 11478.6 1227.9
6.12852 12727.3 11454 1273.3
6.1342 12692.5 11429.4 1263.1
6.13989 12699.4 11404 1295.4
6.14557 12652.9 11377.3 1275.6
6.15125 12626.1 11350.6 1275.5
6.15694 12636.8 11323 1313.8
6.16262 12546.3 11294.7 1251.6
6.16831 12550.6 11266.4 1284.2
6.17399 12568.1 11237.9 1330.2
6.17968 12545.9 11209.2 1336.7
6.18536 12458.4 11180.5 1277.9
6.19104 12440.4 11152.5 1287.9
6.19673 12311.3 11124.6 1186.7
6.20241 12350.3 11096.9 1253.4
6.2081 12255.3 11070.1 1185.2
6.21378 12173.8 11043.2 1130.6
6.21946 12083.9 11016.7 1067.2
6.22515 12013.9 10990.6 1023.3
6.23083 11947.1 10964.4 982.7
6.23652 11874.2 10938.5 935.7
6.2422 11825.7 10912.7 913
6.24788 11742.3 10886.9 855.4
6.25357 11642.9 10861.8 781.1
6.25925 11553.9 10836.8 717.1
6.26494 11545.6 10811.9 733.7
6.27062 11475.9 10789.1 686.8
6.2763 11445.9 10766.5 679.4
6.28199 11381.4 10744.3 637.1
6.28767 11328.9 10725.6 603.3
6.29336 11253.5 10706.8 546.7
6.29904 11271.7 10689.6 582.1
6.30472 11198.5 10675.4 523.1
6.31041 11135.6 10661.3 474.3
6.31609 11096.5 10649.4 447.1
6.32177 11037.6 10639.5 398.1
6.32746 10987.7 10629.7 358
6.33314 10999.1 10622.5 376.6
6.33883 10960.9 10616.4 344.5
6.34451 10914.8 10610.2 304.6
6.35019 10891.7 10607.7 284
6.35588 10852.3 10605.4 246.9
6.36156 10840.2 10603.7 236.5
6.36724 10848 10606 242
6.37293 10815.8 10608.3 207.5
6.37861 10822.2 10612.3 209.9
6.38429 10770 10620.2 149.8
6.38998 10771.2 10628.1 143.1
6.39566 10815.8 10638.6 177.2
6.40135 10815.2 10651.5 163.7
6.40703 10762.4 10664.4 98
6.41271 10757.4 10680.1 77.3
6.4184 10737.9 10697 40.9
6.42408 10766.6 10713.9 52.7
6.42976 10776.5 10732.7 43.8
6.43545 10786 10751.7 34.3
6.44113 10785.3 10770.9 14.4
6.44681 10820.3 10791.1 29.2
6.4525 10784.7 10811.3 -26.6
6.45818 10846.8 10832 14.8
6.46386 10870.1 10853.9 16.2
6.46955 10901.4 10875.8 25.6
6.47523 10894.9 10899.1 -4.2
6.48091 10905 10924 -19
6.4866 10921.4 10948.9 -27.5
6.49228 11000 10976.2 23.8
6.49796 11010 11004.7 5.3
6.50365 11006.2 11033.1 -26.9
6.50933 11035.8 11064 -28.2
6.51501 11055.2 11095.2 -40
6.52069 11105.7 11126.5 -20.8
6.52638 11157.9 11158.7 -0.8
6.53206 11180.9 11191 -10.1
6.53774 11249.1 11223.3 25.8
6.54343 11237.7 11255.8 -18.1
6.54911 11277 11288.3 -11.3
6.55479 11344.5 11321.5 23
6.56048 11393.2 11355.5 37.7
6.56616 11436.1 11389.5 46.6
6.57184 11471.2 11430.7 40.5
6.57753 11497.2 11475.4 21.8
6.58321 11586.1 11520.1 66
6.58889 11703.3 11566 137.3
6.59457 11759.8 11612.1 147.7
6.60026 11846.1 11659 187.1
6.60594 11908.8 11715.6 193.2
6.61162 11948.9 11772.3 176.6
6.61731 12118.8 11832.8 286
6.62299 12233.4 11903.6 329.8
6.62867 12367.3 11974.3 393
6.63435 12464.9 12054.3 410.6
6.64004 12604.7 12144.9 459.8
6.64572 12742 12235.5 506.5
6.6514 12933.2 12347.2 586
6.65708 13130.8 12469.6 661.2
6.66277 13272.6 12592 680.6
6.66845 13427 12759.7 667.3
6.67413 13559.1 12934.7 624.4
6.67982 13897.1 13115 782.1
6.6855 14256.8 13379.9 876.9
6.69118 14574.4 13644.8 929.6
6.69686 14951 13945.9 1005.1
6.70255 15358.5 14353 1005.5
6.70823 15784.2 14760.2 1024
6.71391 16491 15284.8 1206.2
6.71959 17253.7 15952 1301.7
6.72528 18174.6 16619.3 1555.3
6.73096 19314 17615.3 1698.7
6.73664 20624.7 18789.5 1835.2
6.74232 22093.4 19963.8 2129.6
6.74801 24461.5 22056.9 2404.6
6.75369 27279.5 24318.3 2961.2
6.75937 30936 26647.8 4288.2
6.76505 35497.4 30526.5 4970.9
6.77074 39841.7 35669.9 4171.8
6.77642 48403.2 42136.8 6266.4
6.7821 59637.8 51500.9 8136.9
6.78778 75165 64665.9 10499.1
6.79346 95272.2 82598.8 12673.4
6.79915 121408 109139 12269
6.80483 150842 146961 3881
6.81051 197312 198228 -916
6.81619 249517 262793 -13276
6.82188 301902 332772 -30870
6.82756 341342 391373 -50031
6.83324 355226 417427 -62201
6.83892 341315 399185 -57870
6.8446 312500 343493 -30993
6.85029 257935 271639 -13704
6.85597 200052 203953 -3901
6.86165 151211 149771 1440
6.86733 113088 110907 2181
6.87301 89833.1 84388.7 5444.4
6.8787 67375 65323.6 2051.4
6.88438 51247.2 51983.7 -736.5
6.89006 40352.5 42847.4 -2494.9
6.89574 33100.3 35678.7 -2578.4
6.90142 27890.1 30646.3 -2756.2
6.90711 24697.4 27379.6 -2682.2
6.91279 21751 24519.1 -2768.1
6.91847 19675.1 21672.1 -1997
6.92415 18140.1 20231.2 -2091.1
6.92983 17014.9 18790.3 -1775.4
6.93551 16177.6 17481.8 -1304.2
6.9412 15591.9 16683.2 -1091.3
6.94688 14974 15884.7 -910.7
6.95256 14528.9 15215.3 -686.4
6.95824 14110.2 14737.7 -627.5
6.96392 13775.1 14260 -484.9
6.96961 13551.4 13887.5 -336.1
6.97529 13350.6 13585.2 -234.6
6.98097 13166.7 13282.9 -116.2
6.98665 12941.8 13062.8 -121
6.99233 12795.6 12863.8 -68.2
6.99801 12609.9 12664.7 -54.8
7.00369 12534.8 12528.2 6.6
7.00938 12408.7 12392.1 16.6
7.01506 12333.1 12263.3 69.8
7.02074 12214.9 12165.7 49.2
7.02642 12121.8 12068.1 53.7
7.0321 12073.3 11979.6 93.7
7.03778 12031.5 11905.9 125.6
7.04347 11959.7 11832.1 127.6
7.04915 11877.6 11768 109.6
7.05483 11773.7 11711 62.7
7.06051 11657.4 11653.9 3.5
7.06619 11642.6 11608.1 34.5
7.07187 11606.2 11565.5 40.7
7.07755 11559.4 11523 36.4
7.08323 11509.9 11492.5 17.4
7.08892 11488.7 11462.3 26.4
7.0946 11435.8 11433.9 1.9
7.10028 11466.9 11413.6 53.3
7.10596 11460.2 11393.4 66.8
7.11164 11437.2 11375.4 61.8
7.11732 11439.4 11361.3 78.1
7.123 11460.5 11347.2 113.3
7.12868 11466.4 11334.8 131.6
7.13437 11503.7 11323.7 180
7.14005 11518.5 11312.6 205.9
7.14573 11555.2 11303.5 251.7
7.15141 11766.4 11295 471.4
7.15709 11624.4 11286.5 337.9
7.16277 11601.4 11282.1 319.3
7.16845 11601.8 11277.9 323.9
7.17413 11584.9 11274.5 310.4
7.17981 11545.7 11276.3 269.4
7.18549 11570.6 11278.1 292.5
7.19118 11553.4 11282 271.4
7.19686 11540.2 11289.8 250.4
7.20254 11507.7 11297.6 210.1
7.20822 11528.8 11307.7 221.1
7.2139 11481.4 11319.8 161.6
7.21958 11493.8 11331.9 161.9
7.22526 11422.5 11346.9 75.6
7.23094 11448.2 11362.9 85.3
7.23662 11455.7 11378.9 76.8
7.2423 11458.2 11398.7 59.5
7.24798 11477.5 11418.8 58.7
7.25366 11490.4 11439.7 50.7
7.25935 11513.3 11465.8 47.5
7.26503 11570.2 11492 78.2
7.27071 11635.9 11521 114.9
7.27639 11660.5 11555.9 104.6
7.28207 11688.4 11590.8 97.6
7.28775 11765.5 11631.1 134.4
7.29343 11763.9 11676.5 87.4
7.29911 11819.2 11721.8 97.4
7.30479 11818.6 11774.9 43.7
7.31047 11870.4 11830.9 39.5
7.31615 11904.6 11887 17.6
7.32183 11963.1 11946.4 16.7
7.32751 12015.4 12006.1 9.3
7.33319 12068.2 12068.3 -0.1
7.33887 12139.6 12149.9 -10.3
7.34455 12235.7 12231.5 4.2
7.35023 12340.6 12319.9 20.7
7.35591 12415.6 12423.6 -8
7.36159 12520.9 12527.3 -6.4
7.36727 12634.8 12648.8 -14
7.37295 12770.5 12787.9 -17.4
7.37863 12935.6 12926.9 8.7
7.38432 13123.1 13104.5 18.6
7.39 13289.4 13298.6 -9.2
7.39568 13471.1 13492.7 -21.6
7.40136 13692.1 13765.4 -73.3
7.40704 13912.1 14047.3 -135.2
7.41272 14213.4 14343 -129.6
7.4184 14563.5 14775.8 -212.3
7.42408 14936.9 15208.7 -271.8
7.42976 15378.1 15723.8 -345.7
7.43544 15901.2 16442.7 -541.5
7.44112 16550.2 17161.7 -611.5
7.4468 17329.8 18170.1 -840.3
7.45248 18261.6 19488 -1226.4
7.45816 19368.7 20806 -1437.3
7.46384 20885.1 23084 -2198.9
7.46952 23028.1 25816.1 -2788
7.4752 25971.2 28548.2 -2577
7.48088 30117.8 33328.5 -3210.7
7.48656 36031.1 39921.9 -3890.8
7.49224 45030.4 48537.8 -3507.4
7.49792 60423.1 62295.3 -1872.2
7.5036 85473.3 83259.1 2214.2
7.50928 123960 114076 9884
7.51496 177144 161980 15164
7.52063 242471 230285 12186
7.52631 315521 314747 774
7.53199 377299 396529 -19230
7.53767 401486 442804 -41318
7.54335 380580 427872 -47292
7.54903 327887 358206 -30319
7.55471 261800 267492 -5692
7.56039 192757 187709 5048
7.56607 135594 130066 5528
7.57175 95850.8 92534.4 3316.4
7.57743 69677.1 68693.7 983.4
7.58311 53612.2 53155.8 456.4
7.58879 42168.8 42883.7 -714.9
7.59447 34310.4 35596.7 -1286.3
7.60015 28979.8 30638.8 -1659
7.60583 25479.7 27022.6 -1542.9
7.61151 23049.5 24559.6 -1510.1
7.61719 21415.9 22096.7 -680.8
7.62287 19967.1 20436.9 -469.8
7.62855 18859.1 19240.2 -381.1
7.63423 17954.5 18043.5 -89
7.6399 17242.3 17300.1 -57.8
7.64558 16684.4 16649.8 34.6
7.65126 16259.2 16006.1 253.1
7.65694 15797.4 15620.5 176.9
7.66262 15426.4 15234.9 191.5
7.6683 15088.1 14880.8 207.3
7.67398 14845.9 14637.7 208.2
7.67966 14612.3 14394.6 217.7
7.68534 14414.5 14185.9 228.6
7.69102 14199 14025.8 173.2
7.6967 14045.4 13865.6 179.8
7.70238 13902.6 13736.8 165.8
7.70806 13776 13628 148
7.71373 13694.2 13519.3 174.9
7.71941 13605 13438 167
7.72509 13526.5 13363.4 163.1
7.73077 13410.8 13288.9 121.9
7.73645 13368.4 13239.6 128.8
7.74213 13299.4 13190.4 109
7.74781 13301.1 13145.6 155.5
7.75349 13256 13119.1 136.9
7.75917 13239.7 13092.7 147
7.76484 13267.4 13076.6 190.8
7.77052 13261.5 13076.6 184.9
7.7762 13324.7 13076.7 248
7.78188 13419.5 13100.9 318.6
7.78756 13467.8 13142.3 325.5
7.79324 13643.7 13183.6 460.1
7.79892 13830.4 13291.6 538.8
7.8046 14053.4 13418.2 635.2
7.81027 14337.9 13544.8 793.1
7.81595 14728.5 13887.3 841.2
7.82163 15077.6 14235 842.6
7.82731 15632.4 14686 946.4
7.83299 16468.7 15634.5 834.2
7.83867 17453.4 16583 870.4
7.84435 18752.1 17971.9 780.2
7.85002 20330.6 20120.3 210.3
7.8557 21996.1 22268.7 -272.6
7.86138 24295.6 24900.2 -604.6
7.86706 26876.1 27908.3 -1032.2
7.87274 29581.7 30916.4 -1334.7
7.87842 32301 33289.4 -988.4
7.8841 33702 34912.8 -1210.8
7.88977 34204.4 35541.9 -1337.5
7.89545 33941.6 34500.8 -559.2
7.90113 32552.8 32643.3 -90.5
7.90681 30176.7 30125.8 50.9
7.91249 27867 27263 604
7.91817 24196.4 24400.3 -203.9
7.92384 21507.1 21935.2 -428.1
7.92952 19478.5 20236.4 -757.9
7.9352 18018.3 18537.7 -519.4
7.94088 17129.9 17500.5 -370.6
7.94656 16606.4 17035.1 -428.7
7.95223 16374.7 16569.7 -195
7.95791 16449.5 16636.4 -186.9
7.96359 16701.3 16898.8 -197.5
7.96927 17168.9 17161.2 7.7
7.97495 17923.9 18025.2 -101.3
7.98062 18763.8 18937.2 -173.4
7.9863 20067.7 19987.2 80.5
7.99198 21879.7 22041.7 -162
7.99766 24279 24096.1 182.9
8.00334 27475.8 26688.5 787.3
8.00901 31826.5 30448.7 1377.8
8.01469 37325.5 36166.5 1159
8.02037 45788.4 43518.1 2270.3
8.02605 58027.8 54217.7 3810.1
8.03173 74528.7 69403.6 5125.1
8.0374 96313.1 90334.9 5978.2
8.04308 122125 119071 3054
8.04876 151196 155599 -4403
8.05444 183619 195570 -11951
8.06012 209751 230312 -20561
8.06579 221673 248011 -26338
8.07147 215048 241469 -26421
8.07715 192361 212705 -20344
8.08283 164460 173021 -8561
8.0885 132703 134003 -1300
8.09418 102022 102084 -62
8.09986 79188 79564.8 -376.8
8.10554 62977.1 63431.2 -454.1
8.11121 52735.4 52794.3 -58.9
8.11689 46396.8 46648.9 -252.1
8.12257 42959.3 42819.1 140.2
8.12825 42252 41652.7 599.3
8.13392 44551.6 43339.6 1212
8.1396 48951.2 47139.6 1811.6
8.14528 55716.8 53089.1 2627.7
8.15096 63988.6 62700.9 1287.7
8.15663 75029.4 75370.9 -341.5
8.16231 87112 90284.5 -3172.5
8.16799 98098.9 105499 -7400.1
8.17366 106421 117689 -11268
8.17934 111121 122660 -11539
8.18502 107789 118732 -10943
8.1907 99584 107103 -7519
8.19637 86971.8 91010.1 -4038.3
8.20205 73349.4 74365.2 -1015.8
8.20773 59913.8 59596.8 317
8.21341 49207.7 48362.6 845.1
8.21908 38858.4 39213.6 -355.2
8.22476 31430.4 32205.8 -775.4
8.23044 26179.9 28358.2 -2178.3
8.23611 22528.6 24510.6 -1982
8.24179 19919 21153.4 -1234.4
8.24747 18038.8 19417.5 -1378.7
8.25314 16560.5 17681.6 -1121.1
8.25882 15465.6 16315.5 -849.9
8.2645 14634.9 15446.8 -811.9
8.27018 14033.2 14578.1 -544.9
8.27585 13557.9 13949.8 -391.9
8.28153 13184.1 13468.5 -284.4
8.28721 12813.1 12987.1 -174
8.29288 12525 12660.2 -135.2
8.29856 12294.7 12368.2 -73.5
8.30424 12096.2 12077.3 18.9
8.30991 11960.2 11887.1 73.1
8.31559 11818.8 11697 121.8
8.32127 11645.6 11518.9 126.7
8.32694 11544.1 11388.6 155.5
8.33262 11408.4 11258.2 150.2
8.3383 11311 11138.2 172.8
8.34397 11226.7 11033.8 192.9
8.34965 11127.6 10929.5 198.1
8.35533 11068 10844.4 223.6
8.361 10969.1 10772.7 196.4
8.36668 10883.6 10701.1 182.5
8.37236 10842.2 10640.8 201.4
8.37803 10811.6 10583.7 227.9
8.38371 10787 10526.6 260.4
8.38938 10689.1 10480 209.1
8.39506 10642 10433.6 208.4
8.40074 10580.3 10388.9 191.4
8.40641 10569.4 10352 217.4
8.41209 10541.9 10315.2 226.7
8.41777 10485 10281.7 203.3
8.42344 10448 10254.3 193.7
8.42912 10668.2 10226.8 441.4
8.4348 10366.4 10204.9 161.5
8.44047 10328.5 10187.2 141.3
8.44615 10310 10169.6 140.4
8.45182 10245.7 10160.7 85
8.4575 10230.8 10154.7 76.1
8.46318 10194.7 10148.7 46
8.46885 10183.2 10159.4 23.8
8.47453 10184 10170.9 13.1
8.4802 10154.7 10187.5 -32.8
8.48588 10130.7 10234.7 -104
8.49156 10181.4 10281.8 -100.4
8.49723 10185.3 10357.9 -172.6
8.50291 10274.9 10491.1 -216.2
8.50858 10410.6 10624.4 -213.8
8.51426 10658.9 10884.6 -225.7
8.51994 10890.3 11257.6 -367.3
8.52561 11425.3 11630.6 -205.3
8.53129 12160 12495 -335
8.53696 13344.6 13547.5 -202.9
8.54264 14896.9 14600 296.9
8.54832 16755.1 16451 304.1
8.55399 18032.7 18374.5 -341.8
8.55967 19390 20093.4 -703.4
8.56534 19856.2 20163.4 -307.2
8.57102 19599.1 20233.4 -634.3
8.57669 18639.1 19672.1 -1033
8.58237 17284 17665.2 -381.2
8.58804 15389.8 15658.2 -268.4
8.59372 13980.2 14093.9 -113.7
8.5994 12807.5 12976.7 -169.2
8.60507 11936.6 11859.5 77.1
8.61075 11300.1 11231 69.1
8.61642 10830.3 10821.1 9.2
8.6221 10440.1 10411.2 28.9
8.62777 10191 10214.3 -23.3
8.63345 10002.1 10045.2 -43.1
8.63912 9881.21 9882.78 -1.57
8.6448 9836.52 9799.47 37.05
8.65047 9756.46 9716.16 40.3
8.65615 9698.91 9642.28 56.63
8.66183 9634.77 9593.75 41.02
8.6675 9597.61 9545.22 52.39
8.67318 9592.19 9505.1 87.09
8.67885 9593.84 9474.68 119.16
8.68453 9560.21 9444.26 115.95
8.6902 9488.51 9417.94 70.57
8.69588 9494.22 9393.75 100.47
8.70155 9466.7 9369.56 97.14
8.70723 9471.79 9350.12 121.67
8.7129 9472.11 9331.52 140.59
8.71858 9454.55 9313.09 141.46
8.72425 9419.55 9298.44 121.11
8.72993 9409.26 9283.78 125.48
8.7356 9403.07 9269.76 133.31
8.74128 9393.91 9257.75 136.16
8.74695 9399.72 9245.75 153.97
8.75263 9364.02 9234.48 129.54
8.7583 9333.18 9224.19 108.99
8.76398 9310.98 9213.9 97.08
8.76965 9298.86 9204.55 94.31
8.77533 9280.15 9195.78 84.37
8.781 9276.68 9187.01 89.67
8.78668 9290.31 9180.01 110.3
8.79235 9269.7 9173.41 96.29
8.79803 9225.14 9166.85 58.29
8.8037 9284.25 9163.64 120.61
8.80937 9272.65 9160.43 112.22
8.81505 9291.74 9158.22 133.52
8.82072 9325.5 9159.89 165.61
8.8264 9319.02 9161.55 157.47
8.83207 9346.15 9165.97 180.18
8.83775 9339.56 9174.58 164.98
8.84342 9353.19 9183.18 170.01
8.8491 9391.59 9198.22 193.37
8.85477 9412.38 9217.74 194.64
8.86045 9412.23 9237.26 174.97
8.86612 9461.81 9272.16 189.65
8.87179 9482.18 9311.33 170.85
8.87747 9514.25 9350.5 163.75
8.88314 9582.72 9427.68 155.04
8.88882 9668.36 9505.8 162.56
8.89449 9766.85 9597.92 168.93
8.90017 9883.6 9759.13 124.47
8.90584 10054.5 9920.33 134.17
8.91151 10301.5 10150.8 150.7
8.91719 10654.2 10503.6 150.6
8.92286 11051.3 10856.4 194.9
8.92854 11581.9 11468.4 113.5
8.93421 12357.5 12289.1 68.4
8.93989 13347.6 13109.8 237.8
8.94556 14604.2 14675.3 -71.1
8.95123 16187.6 16493.3 -305.7
8.95691 18060.2 18311.3 -251.1
8.96258 19923.8 20757.7 -833.9
8.96826 22036.9 23244.4 -1207.5
8.97393 23855.1 25402.4 -1547.3
8.9796 24850.9 25406.3 -555.4
8.98528 25016.8 25410.2 -393.4
8.99095 23816 24586.3 -770.3
8.99663 21647.6 22044.1 -396.5
9.0023 19310 19501.8 -191.8
9.00797 16997.5 17328.7 -331.2
9.01365 14965.3 15499.3 -534
9.01932 13477.2 13669.9 -192.7
9.02499 12198 12559.9 -361.9
9.03067 11235.5 11743 -507.5
9.03634 10584.4 10926.2 -341.8
9.04202 10144.2 10515.2 -371
9.04769 9801.05 10147.8 -346.75
9.05336 9595.07 9799.04 -203.97
9.05904 9386.35 9626.71 -240.36
9.06471 9237.68 9454.37 -216.69
9.07038 9128.5 9305.42 -176.92
9.07606 9053.87 9214.27 -160.4
9.08173 8978.68 9123.12 -144.44
9.0874 8919.82 9050.89 -131.07
9.09308 8901.97 8999.11 -97.14
9.09875 8845.39 8947.33 -101.94
9.10442 8853.34 8909.48 -56.14
9.1101 8835.15 8878.38 -43.23
9.11577 8811.08 8847.28 -36.2
9.12144 8804.22 8825.8 -21.58
9.12712 8822.6 8805.81 16.79
9.13279 8787.22 8786.16 1.06
9.13846 8769.15 8772.17 -3.02
9.14414 8773.1 8758.17 14.93
9.14981 8751.05 8745.9 5.15
9.15548 8739.33 8738.82 0.51
9.16116 8725.61 8731.73 -6.12
9.16683 8720.67 8724.82 -4.15
9.1725 8708.02 8718.12 -10.1
9.17818 8693.22 8711.42 -18.2
9.18385 8680.92 8706.97 -26.05
9.18952 8686.62 8703.81 -17.19
9.1952 8704.99 8700.65 4.34
9.20087 8678.65 8700.02 -21.37
9.20654 8663.42 8699.91 -36.49
9.21221 8693.54 8699.85 -6.31
9.21789 8700.72 8702.01 -1.29
9.22356 8710.56 8704.17 6.39
9.22923 8702.66 8706.78 -4.12
9.23491 8737.24 8711.07 26.17
9.24058 8729.95 8715.36 14.59
9.24625 8732 8720.98 11.02
9.25192 8755.93 8728.57 27.36
9.2576 8774.03 8736.16 37.87
9.26327 8791.48 8747.1 44.38
9.26894 8804.5 8760.33 44.17
9.27461 8794.68 8773.56 21.12
9.28029 8808.38 8793.75 14.63
9.28596 8844.5 8815.81 28.69
9.29163 8886.59 8837.87 48.72
9.2973 8898.21 8873.15 25.06
9.30298 8948.85 8908.7 40.15
9.30865 8953.64 8948.12 5.52
9.31432 8987.74 9006.18 -18.44
9.31999 9048.78 9064.25 -15.47
9.32567 9083.53 9137.9 -54.37
9.33134 9185.21 9238.81 -53.6
9.33701 9282.26 9339.71 -57.45
9.34268 9385.85 9491.07 -105.22
9.34836 9551.44 9682.75 -131.31
9.35403 9727.62 9874.43 -146.81
9.3597 9985.97 10224.8 -238.83
9.36537 10338.2 10628.8 -290.6
9.37105 10823.3 11032.7 -209.4
9.37672 11570.4 11956.2 -385.8
9.38239 12667.9 12913.2 -245.3
9.38806 14254.1 14065.6 188.5
9.39373 16454.8 16510.4 -55.6
9.39941 19222.2 18955.2 267
9.40508 22956 22193.2 762.8
9.41075 27589.3 27092.6 496.7
9.41642 32359.8 31992 367.8
9.42209 36080.1 36589.6 -509.5
9.42777 38290.3 40488.4 -2198.1
9.43344 38345.9 41058.4 -2712.5
9.43911 36460.3 38627.3 -2167
9.44478 32840 34400.3 -1560.3
9.45045 28471.4 28905.3 -433.9
9.45613 24194.6 24726.2 -531.6
9.4618 20551.5 20696.2 -144.7
9.46747 17713.8 16880.1 833.7
9.47314 15444.8 15227.8 217
9.47881 13696.5 13575.5 121
9.48448 12439.2 12205.6 233.6
9.49016 11517.6 11556.3 -38.7
9.49583 10870.9 10906.9 -36
9.5015 10457.9 10429.6 28.3
9.50717 10100.9 10143.8 -42.9
9.51284 9854.98 9858.1 -3.12
9.51851 9691.91 9669.08 22.83
9.52419 9528.96 9528.85 0.11
9.52986 9415.82 9388.62 27.2
9.53553 9340.8 9304.55 36.25
9.5412 9264.49 9229.92 34.57
9.54687 9213.59 9156.87 56.72
9.55254 9132.67 9115.63 17.04
9.55821 9109.57 9074.38 35.19
9.56389 9097.47 9036.12 61.35
9.56956 9058.48 9007.38 51.1
9.57523 9024.36 8978.64 45.72
9.5809 9004.82 8956.93 47.89
9.58657 9028.39 8944.52 83.87
9.59224 9017.86 8932.11 85.75
9.59791 9005.12 8923.3 81.82
9.60358 8990.33 8916.69 73.64
9.60925 8964.18 8910.07 54.11
9.61493 8967.25 8906.3 60.95
9.6206 8953.95 8903.2 50.75
9.62627 8949.56 8900.1 49.46
9.63194 8948.35 8899.66 48.69
9.63761 8927.05 8899.21 27.84
9.64328 8920.13 8899.23 20.9
9.64895 8924.3 8901.17 23.13
9.65462 8932.71 8903.11 29.6
9.66029 8943.56 8905.8 37.76
9.66596 8943.75 8909.69 34.06
9.67164 8950.56 8913.58 36.98
9.67731 8948.75 8916.22 32.53
9.68298 8945.19 8917.96 27.23
9.68865 8932.69 8919.7 12.99
9.69432 8942.24 8924.04 18.2
9.69999 8960.63 8929.17 31.46
9.70566 8958.35 8934.3 24.05
9.71133 8968.48 8939.68 28.8
9.717 8975.29 8945.08 30.21
9.72267 8968.88 8950.61 18.27
9.72834 8978.89 8956.93 21.96
9.73401 9004.24 8963.26 40.98
9.73968 9011.36 8970.05 41.31
9.74535 9043.28 8977.72 65.56
9.75102 9043.5 8985.4 58.1
9.75669 9044.2 8993.62 50.58
9.76236 9041.14 9002.31 38.83
9.76804 9052.94 9011 41.94
9.77371 9060.8 9019.83 40.97
9.77938 9082 9028.71 53.29
9.78505 9075.4 9037.59 37.81
9.79072 9071.93 9046.17 25.76
9.79639 9076.34 9054.71 21.63
9.80206 9093.98 9063.26 30.72
9.80773 9103.22 9071.8 31.42
9.8134 9126.5 9080.34 46.16
9.81907 9128.5 9089.15 39.35
9.82474 9146.3 9098.59 47.71
9.83041 9146.11 9108.03 38.08
9.83608 9164.16 9118.22 45.94
9.84175 9166.56 9129.22 37.34
9.84742 9174.16 9140.21 33.95
9.85309 9209.31 9152.45 56.86
9.85876 9190.4 9165.28 25.12
9.86443 9177.18 9178.11 -0.93
9.8701 9240.55 9192.03 48.52
9.87577 9260.67 9206.11 54.56
9.88144 9263.77 9220.25 43.52
9.88711 9286.54 9235.13 51.41
9.89278 9325.44 9250.02 75.42
9.89845 9328.6 9265.25 63.35
9.90412 9348.4 9281.5 66.9
9.90979 9350.79 9297.74 53.05
9.91546 9385.33 9315.19 70.14
9.92112 9389.32 9334.14 55.18
9.92679 9404.68 9353.09 51.59
9.93246 9414.15 9374.53 39.62
9.93813 9446.35 9397.42 48.93
9.9438 9489.23 9420.31 68.92
9.94947 9519.15 9446.89 72.26
9.95514 9518.02 9474.25 43.77
9.96081 9546.44 9501.68 44.76
9.96648 9578.58 9533.78 44.8
9.97215 9598.96 9565.87 33.09
9.97782 9644.72 9599.17 45.55
9.98349 9680.46 9637.21 43.25
9.98916 9728.45 9675.25 53.2
9.99483 9755.99 9716.98 39.01
10.0005 9808.51 9764.42 44.09
10.0062 9861.62 9811.86 49.76
10.0118 9895.34 9868.55 26.79
10.0175 9958.67 9931.84 26.83
10.0232 10019 9995.13 23.87
10.0288 10090 10078.7 11.3
10.0345 10175 10168.1 6.9
10.0402 10238.9 10257.6 -18.7
10.0459 10342.3 10388.9 -46.6
10.0515 10474.1 10521.7 -47.6
10.0572 10582.5 10666.4 -83.9
10.0629 10752.1 10875.1 -123
10.0685 10898 11083.8 -185.8
10.0742 11078.8 11342.8 -264
10.0799 11354.8 11696.9 -342.1
10.0855 11664.4 12051.1 -386.7
10.0912 12062.6 12565.5 -502.9
10.0969 12547.4 13218.9 -671.5
10.1025 13137.1 13872.3 -735.2
10.1082 14017.6 15007.2 -989.6
10.1139 15192 16324.1 -1132.1
10.1195 16783.9 17641.1 -857.2
10.1252 18992.3 20372.3 -1380
10.1309 21912 23233.8 -1321.8
10.1366 25634.3 26329.5 -695.2
10.1422 30877.9 31406.5 -528.6
10.1479 37818.5 37997.7 -179.2
10.1536 46160.2 45783.5 376.7
10.1592 55497.4 55220.6 276.8
10.1649 64878.4 65210.5 -332.1
10.1706 72366.4 74397 -2030.6
10.1762 77371.4 80664.9 -3293.5
10.1819 78394.6 81974.3 -3579.7
10.1876 74684 78185.2 -3501.2
10.1932 67476.3 70509 -3032.7
10.1989 58614.9 60669.3 -2054.4
10.2046 49941.3 50848.1 -906.8
10.2102 41903.9 42030.4 -126.5
10.2159 34557.6 34504.3 53.3
10.2216 28756.3 29977.7 -1221.4
10.2272 24405.3 25451.2 -1045.9
10.2329 21221.4 21540.4 -319
10.2386 18921.4 19522.8 -601.4
10.2442 17217 17505.3 -288.3
10.2499 15861.7 15962 -100.3
10.2556 14841 15034.1 -193.1
10.2613 14058.3 14106.3 -48
10.2669 13492.1 13477.1 15
10.2726 13074.9 13027.3 47.6
10.2783 12736.7 12577.5 159.2
10.2839 12494.6 12314.5 180.1
10.2896 12274.5 12094 180.5
10.2953 12119.8 11874.1 245.7
10.3009 12002.5 11780.9 221.6
10.3066 11932.5 11687.6 244.9
10.3123 11887.5 11611.7 275.8
10.3179 11868.4 11607.8 260.6
10.3236 11865.7 11603.9 261.8
10.3293 11908.9 11633.5 275.4
10.3349 11977 11716.9 260.1
10.3406 12056.3 11800.3 256
10.3463 12197 11951.4 245.6
10.3519 12375.5 12153 222.5
10.3576 12618.2 12354.6 263.6
10.3633 12907.6 12708 199.6
10.3689 13288 13108.6 179.4
10.3746 13766.3 13509.1 257.2
10.3803 14322.4 14254.4 68
10.3859 14979 15017 -38
10.3916 15851.6 15864.8 -13.2
10.3973 16971.8 17229.3 -257.5
10.4029 18306.5 18593.7 -287.2
10.4086 19801 20165.1 -364.1
10.4143 21474.6 22154.7 -680.1
10.4199 23166.8 24144.2 -977.4
10.4256 24998.6 25954.4 -955.8
10.4313 26745.7 27599.2 -853.5
10.4369 27997.9 29244 -1246.1
10.4426 28628.6 29529.4 -900.8
10.4483 28488.5 29258.9 -770.4
10.4539 27663.9 28988.4 -1324.5
10.4596 26360.4 27291.3 -930.9
10.4653 24536.7 25434.2 -897.5
10.4709 22677.1 23582.6 -905.5
10.4766 20892.8 21788.1 -895.3
10.4823 19289.6 19993.5 -703.9
10.4879 17979.9 18396 -416.1
10.4936 16933.6 17311 -377.4
10.4993 16058.1 16226 -167.9
10.5049 15308.8 15409.1 -100.3
10.5106 14835.7 14898.3 -62.6
10.5163 14495.9 14387.5 108.4
10.5219 14281.6 14121.4 160.2
10.5276 14204 13983.6 220.4
10.5333 14197.2 13845.9 351.3
10.5389 14302.5 13950.1 352.4
10.5446 14507.6 14098.8 408.8
10.5503 14834.6 14258.3 576.3
10.5559 15239.5 14726.6 512.9
10.5616 15786.6 15194.9 591.7
10.5673 16460 15773.7 686.3
10.5729 17328.6 16737.5 591.1
10.5786 18428.1 17701.4 726.7
10.5843 19859.1 19034.8 824.3
10.5899 21588.4 20895.6 692.8
10.5956 23726.2 22756.4 969.8
10.6013 26205.4 25597.9 607.5
10.6069 29293.4 29090.7 202.7
10.6126 33267.8 32583.4 684.4
10.6183 37960.6 37493.1 467.5
10.6239 43193.8 43283.5 -89.7
10.6296 48930.9 49880.9 -950
10.6353 54969.3 57317.3 -2348
10.6409 60915.6 64946.6 -4031
10.6466 67072.5 72006.6 -4934.1
10.6523 71871.8 77590.3 -5718.5
10.6579 74473 80833.6 -6360.6
10.6636 75097.5 81174.2 -6076.7
10.6693 73203.5 78547.4 -5343.9
10.6749 69205 73412.5 -4207.5
10.6806 63562.3 66591.1 -3028.8
10.6863 56806.5 59007.7 -2201.2
10.6919 49943.8 51459.7 -1515.9
10.6976 43558.3 44650.6 -1092.3
10.7033 37891.6 38515 -623.4
10.7089 33084 33275 -191
10.7146 29076.5 29683.1 -606.6
10.7203 25426.6 26230.2 -803.6
10.7259 22566.3 22954.7 -388.4
10.7316 20337.7 21102.4 -764.7
10.7373 18595.2 19250.1 -654.9
10.7429 17293.6 17656 -362.4
10.7486 16312.4 16665.8 -353.4
10.7543 15465 15675.6 -210.6
10.7599 14780.9 14905.6 -124.7
10.7656 14259.8 14366.8 -107
10.7713 13858.2 13828 30.2
10.7769 13565.1 13456 109.1
10.7826 13331.8 13163.8 168
10.7883 13166.3 12871.5 294.8
10.7939 13029.5 12708.3 321.2
10.7996 12905.8 12565.3 340.5
10.8052 12843.7 12428.1 415.6
10.8109 12806.3 12393.3 413
10.8166 12741.4 12358.6 382.8
10.8222 12794.8 12348.6 446.2
10.8279 12850.9 12416.1 434.8
10.8336 12918.9 12483.5 435.4
10.8392 13001.2 12606.8 394.4
10.8449 13125.8 12804.3 321.5
10.8506 13308.6 13001.7 306.9
10.8562 13506 13331.4 174.6
10.8619 13838.9 13742.7 96.2
10.8676 14221 14154 67
10.8732 14760.6 14902 -141.4
10.8789 15420.6 15730.8 -310.2
10.8846 16314.5 16559.6 -245.1
10.8902 17404.4 18289.7 -885.3
10.8959 19056.9 20024.6 -967.7
10.9016 21420.1 22138.4 -718.3
10.9072 24616 25946.3 -1330.3
10.9129 28903.8 29754.1 -850.3
10.9185 34628.9 34640.9 -12
10.9242 41668.1 41357.6 310.5
10.9299 50080 50727.7 -647.7
10.9355 61282.4 61459.9 -177.5
10.9412 73258 73860.4 -602.4
10.9469 85200.6 86399.8 -1199.2
10.9525 94417.7 97072.1 -2654.4
10.9582 99362.2 103278 -3915.8
10.9639 98256.4 103099 -4842.6
10.9695 94939.9 96480.7 -1540.8
10.9752 85019.5 85603.2 -583.7
10.9809 72667.5 72802.5 -135
10.9865 60003.6 60285.3 -281.7
10.9922 48715.8 49389.5 -673.7
10.9978 39750.4 40674.7 -924.3
11.0035 33159.8 33584.3 -424.5
11.0092 27757.2 28543.9 -786.7
11.0148 23455.9 24766.5 -1310.6
11.0205 20466.8 22041.9 -1575.1
11.0262 18246.8 19317.3 -1070.5
11.0318 16719.8 17576.6 -856.8
11.0375 15616.6 16285.2 -668.6
11.0432 14814.4 14993.8 -179.4
11.0488 14120.4 14253.1 -132.7
11.0545 13587.6 13591.5 -3.9
11.0601 13152.1 12948.2 203.9
11.0658 12825.8 12580.6 245.2
11.0715 12563.4 12213.1 350.3
11.0771 12373.4 11882.4 491
11.0828 12218.2 11662.7 555.5
11.0885 12056.3 11443 613.3
11.0941 11924.3 11258.5 665.8
11.0998 11817.6 11119.2 698.4
11.1055 11744.7 10980 764.7
11.1111 11663.3 10869.9 793.4
11.1168 11620.2 10777.4 842.8
11.1225 11578.8 10684.9 893.9
11.1281 11535.8 10671.9 863.9
11.1338 11501.2 10677.4 823.8
11.1394 11490.9 10677.4 813.5
11.1451 11483.5 10677.4 806.1
11.1508 11478.1 10677.4 800.7
11.1564 11498.8 10677.4 821.4
11.1621 11499.1 10677.4 821.7
11.1678 11518 10677.4 840.6
11.1734 11597.4 10677.4 920
11.1791 11670.7 10677.4 993.3
11.1847 11757.3 10677.4 1079.9
11.1904 11892.9 10677.4 1215.5
11.1961 12011 10677.4 1333.6
11.2017 12251.1 10677.4 1573.7
11.2074 12508.1 10677.4 1830.7
11.2131 12829.8 10677.4 2152.4
11.2187 13223.6 10677.4 2546.2
11.2244 13701.4 10677.4 3024
11.2301 14432.5 10677.4 3755.1
11.2357 15257 10677.4 4579.6
11.2414 16317.6 10677.4 5640.2
11.247 17571 10677.4 6893.6
11.2527 19027.7 10677.4 8350.3
11.2584 20486.7 10677.4 9809.3
11.264 22490.4 10677.4 11813
11.2697 24474.2 10677.4 13796.8
11.2754 26364.7 10677.4 15687.3
11.281 27931.6 10677.4 17254.2
11.2867 28961.9 10677.4 18284.5
11.2923 29287.9 10677.4 18610.5
11.298 28921.7 10677.4 18244.3
11.3037 28225.5 10677.4 17548.1
11.3093 26658.4 10677.4 15981
11.315 24840.3 10677.4 14162.9
11.3207 23537.1 10677.4 12859.7
11.3263 21363.5 10677.4 10686.1
11.332 19948.5 10677.4 9271.1
11.3376 19116.5 10677.4 8439.1
11.3433 18349.5 10677.4 7672.1
11.349 18042.1 10677.4 7364.7
11.3546 18254.1 10677.4 7576.7
11.3603 19032.1 10677.4 8354.7
