2.84636 19298.5 19099.3 199.2
2.85205 19316 19099.3 216.7
2.85775 19344.2 19099.3 244.9
2.86344 19317.7 19099.3 218.4
2.86913 19295 19099.3 195.7
2.87482 19301 19099.3 201.7
2.88051 19373.7 19099.3 274.4
2.8862 19458.5 19099.3 359.2
2.89189 19737.5 19099.3 638.2
2.89759 20275.1 19099.3 1175.8
2.90328 20839 19099.3 1739.7
2.90897 21030.9 19099.3 1931.6
2.91466 20841.3 19099.3 1742
2.92035 20265 19099.3 1165.7
2.92604 19711.4 19099.3 612.1
2.93173 19427 19099.3 327.7
2.93742 19329.3 19099.3 230
2.94312 19297.9 19099.3 198.6
2.94881 19214.4 19099.3 115.1
2.9545 19217 19099.3 117.7
2.96019 19201 19099.3 101.7
2.96588 19176 19099.3 76.7
2.97157 19197.5 19099.3 98.2
2.97726 19177.4 19099.3 78.1
2.98296 19141.1 19099.3 41.8
2.98865 19097.1 19099.3 -2.2
2.99434 19046.7 19099.3 -52.6
3.00003 19090.8 19099.3 -8.5
3.00572 19045.9 19089.7 -43.8
3.01141 19000.5 19076.8 -76.3
3.0171 19039.7 19067.8 -28.1
3.02279 19068.9 19064.7 4.2
3.02848 19080.7 19061.5 19.2
3.03418 19066.2 19052.3 13.9
3.03987 19042.5 19039.6 2.9
3.04556 19088.1 19030.9 57.2
3.05125 19042.7 19028.2 14.5
3.05694 19038.4 19025.4 13
3.06263 19051.2 19016.6 34.6
3.06832 19036.2 19004.2 32
3.07401 18962.3 18995.8 -33.5
3.0797 18994.1 18993.6 0.5
3.0854 19048.2 18991.3 56.9
3.09109 19029.3 18983 46.3
3.09678 18996.7 18971 25.7
3.10247 18921 18962.9 -41.9
3.10816 19008.8 18961.1 47.7
3.11385 18981.4 18959.4 22
3.11954 18995.6 18951.7 43.9
3.12523 19003.1 18940.1 63
3.13092 18897.1 18932.5 -35.4
3.13662 18949.2 18931.2 18
3.14231 18949.7 18930.1 19.6
3.148 18934 18922.9 11.1
3.15369 18900.1 18911.8 -11.7
3.15938 18899 18904.7 -5.7
3.16507 18906.7 18904 2.7
3.17076 18961.3 18903.6 57.7
3.17645 18905.6 18897 8.6
3.18214 18899.1 18886.5 12.6
3.18783 18988.7 18879.8 108.9
3.19352 19077.8 18879.8 198
3.19922 19050.7 18880.1 170.6
3.20491 19001.5 18874.3 127.2
3.2106 18908.1 18864.4 43.7
3.21629 18854.6 18858.3 -3.7
3.22198 18842 18858.9 -16.9
3.22767 18837.2 18860.1 -22.9
3.23336 18851.2 18855 -3.8
3.23905 18825.7 18845.7 -20
3.24474 18899 18840.2 58.8
3.25043 18840.7 18841.6 -0.9
3.25612 18797.4 18843.7 -46.3
3.26182 18777.4 18839.4 -62
3.26751 18846.4 18830.8 15.6
3.2732 18827.9 18826.1 1.8
3.27889 18824.9 18828.3 -3.4
3.28458 18826.4 18831.2 -4.8
3.29027 18803.9 18827.9 -24
3.29596 18870.8 18820.1 50.7
3.30165 18778.2 18816 -37.8
3.30734 18836.7 18819.1 17.6
3.31303 18796.8 18823.1 -26.3
3.31872 18803.5 18820.7 -17.2
3.32441 18845.6 18813.7 31.9
3.3301 18818.5 18810.5 8
3.3358 18763.1 18814.5 -51.4
3.34149 18823.6 18819.6 4
3.34718 18834.7 18818.2 16.5
3.35287 18881 18812.1 68.9
3.35856 18896.1 18809.7 86.4
3.36425 18894.6 18814.8 79.8
3.36994 18887.8 18821 66.8
3.37563 18986.5 18820.8 165.7
3.38132 19038.4 18815.6 222.8
3.38701 19142.3 18814.2 328.1
3.3927 19320.6 18820.3 500.3
3.39839 19614.3 18827.8 786.5
3.40408 19931.6 18828.7 1102.9
3.40977 20326.5 18824.6 1501.9
3.41546 20549.1 18824.2 1724.9
3.42115 20412.3 18831.6 1580.7
3.42685 20097.3 18840.4 1256.9
3.43254 19654.4 18842.7 811.7
3.43823 19305.5 18840.1 465.4
3.44392 19112.7 18841.7 271
3.44961 19041.2 18851.8 189.4
3.4553 19026.1 18863.8 162.3
3.46099 19023.4 18869.6 153.8
3.46668 18953.3 18870.3 83
3.47237 18969.1 18875.1 94
3.47806 18918.4 18888.6 29.8
3.48375 18987.8 18904.1 83.7
3.48944 18986.7 18913.2 73.5
3.49513 19022.5 18917 105.5
3.50082 19050.6 18924.9 125.7
3.50651 19052.5 18941.5 111
3.5122 19000.8 18960.3 40.5
3.51789 19075.7 18972.6 103.1
3.52358 19070.2 18979.4 90.8
3.52927 19083.1 18990.1 93
3.53496 19144.3 19009.7 134.6
3.54065 19111.7 19031.7 80
3.54634 19103.4 19047 56.4
3.55203 19167.7 19056.5 111.2
3.55773 19184.6 19070 114.6
3.56342 19236.2 19092.5 143.7
3.56911 19244.5 19117.6 126.9
3.5748 19254.5 19135.9 118.6
3.58049 19295.3 19148.1 147.2
3.58618 19307.4 19164.1 143.3
3.59187 19390.9 19189.6 201.3
3.59756 19348.2 19217.8 130.4
3.60325 19380 19239 141
3.60894 19404.2 19253.9 150.3
3.61463 19437 19272.6 164.4
3.62032 19438.9 19301 137.9
3.62601 19444.3 19332.5 111.8
3.6317 19507.6 19356.8 150.8
3.63739 19524.1 19374.5 149.6
3.64308 19520.4 19396.1 124.3
3.64877 19557.7 19427.8 129.9
3.65446 19635.2 19462.9 172.3
3.66015 19629.3 19490.8 138.5
3.66584 19689.4 19511.8 177.6
3.67153 19721.5 19536.8 184.7
3.67722 19786 19572.5 213.5
3.68291 19871.3 19611.9 259.4
3.6886 19922.1 19644.3 277.8
3.69429 19931.4 19669.6 261.8
3.69998 19973.6 19699.1 274.5
3.70567 20021.2 19739.9 281.3
3.71136 20065.9 19785.4 280.5
3.71705 20085.9 19823.9 262
3.72274 20180.2 19855.4 324.8
3.72843 20273.4 19891.7 381.7
3.73412 20362.3 19940.4 421.9
3.73981 20453.1 19994.9 458.2
3.7455 20657.4 20044.2 613.2
3.75119 21015.4 20094.7 920.7
3.75688 21598.3 20170 1428.3
3.76257 22187.7 20275.5 1912.2
3.76826 22426.3 20399.8 2026.5
3.77395 22340 20525.8 1814.2
3.77964 22021.4 20647.9 1373.5
3.78533 21729.3 20774.7 954.6
3.79102 21566.1 20914.5 651.6
3.79671 21606.8 21059.7 547.1
3.8024 21647.5 21184.4 463.1
3.80809 21781.7 21306.5 475.2
3.81378 21961.6 21443.5 518.1
3.81947 22130.1 21608.2 521.9
3.82516 22363.3 21797.5 565.8
3.83085 22610.1 22002.1 608
3.83654 22979.8 22227.2 752.6
3.84223 23390.2 22496.2 894
3.84792 23856.4 22833.1 1023.3
3.85361 24419.6 23249.1 1170.5
3.8593 24996 23754.1 1241.9
3.86499 25896.4 24383 1513.4
3.87068 27108.8 25208 1900.8
3.87637 28598 26333.2 2264.8
3.88206 30662.3 27901.4 2760.9
3.88775 33401.9 30149.7 3252.2
3.89344 37471.5 33524.6 3946.9
3.89913 44389.9 38873.7 5516.2
3.90482 55796.2 47783.7 8012.5
3.91051 74742.1 63185.2 11556.9
3.9162 103217 90215.9 13001.1
3.92189 145750 136629 9121
3.92758 219718 210470 9248
3.93326 312688 311743 945
3.93895 404370 419444 -15074
3.94464 460320 488813 -28493
3.95033 454283 478120 -23837
3.95602 397226 390114 7112
3.96171 286578 273677 12901
3.9674 182795 176425 6370
3.97309 114089 113159 930
3.97878 76873 76674.7 198.3
3.98447 56594.9 56290.8 304.1
3.99016 43885.5 44693.3 -807.8
3.99585 37301.7 37825.7 -524
4.00154 33448.8 33557 -108.2
4.00723 31099.4 30768.1 331.3
4.01292 29662.7 28868.7 794
4.01861 28728.9 27537.9 1191
4.0243 28076.4 26583 1493.4
4.02999 27535.7 25874.4 1661.3
4.03568 26885.2 25328.8 1556.4
4.04137 26224.7 24903.2 1321.5
4.04706 25514.6 24576.3 938.3
4.05275 24869.7 24325.8 543.9
4.05843 24542.5 24124.8 417.7
4.06412 24286.1 23953.9 332.2
4.06981 24217.2 23810.9 406.3
4.0755 24134.5 23700.3 434.2
4.08119 24124.3 23616.6 507.7
4.08688 24065.7 23544.7 521
4.09257 23987.4 23473.3 514.1
4.09826 23844.2 23405.2 439
4.10395 23605.8 23349.9 255.9
4.10964 23403.2 23306.8 96.4
4.11533 23340.2 23264.2 76
4.12102 23235 23216.8 18.2
4.12671 23242.8 23174.3 68.5
4.1324 23225.1 23149.8 75.3
4.13809 23204.6 23143.3 61.3
4.14377 23183.2 23143.3 39.9
4.14946 23249.3 23145.9 103.4
4.15515 23328.9 23163.3 165.6
4.16084 23429 23211.4 217.6
4.16653 23553 23291.7 261.3
4.17222 23600.5 23393.9 206.6
4.17791 23753.5 23516.7 236.8
4.1836 23919.3 23676 243.3
4.18929 24129.6 23884.2 245.4
4.19498 24354.1 24139.4 214.7
4.20067 24526.9 24442.8 84.1
4.20636 24836.6 24812.8 23.8
4.21204 25239.3 25300.5 -61.2
4.21773 25857.1 25982.5 -125.4
4.22342 26449.2 26955.4 -506.2
4.22911 27305.2 28372.3 -1067.1
4.2348 28579.7 30543.6 -1963.9
4.24049 31020 34114.7 -3094.7
4.24618 35926.1 40413.6 -4487.5
4.25187 45716.2 52163.6 -6447.4
4.25756 65588.7 74665.8 -9077.1
4.26325 102402 116478 -14076
4.26894 179136 185954 -6818
4.27462 286260 278903 7357
4.28031 381119 362960 18159
4.286 417021 386123 30898
4.29169 320882 326298 -5416
4.29738 215764 224269 -8505
4.30307 132476 137827 -5351
4.30876 84206.5 86643.5 -2437
4.31445 60464.5 61040.3 -575.8
4.32014 49707.6 48715.1 992.5
4.32582 42865 42698.1 166.9
4.33151 40178.2 39764.4 413.8
4.3372 39328.6 38423.5 905.1
4.34289 39005.5 37918.5 1087
4.34858 39770.1 37884.6 1885.5
4.35427 39126 38220.5 905.5
4.35996 39532.1 38886.8 645.3
4.36565 40190.6 39812.4 378.2
4.37133 40735.1 40919.9 -184.8
4.37702 41791.7 42147.4 -355.7
4.38271 42393 43483.4 -1090.4
4.3884 43205.7 44963.6 -1757.9
4.39409 44828.1 46631.3 -1803.2
4.39978 46635.4 48542.8 -1907.4
4.40547 49215.6 50832.8 -1617.2
4.41116 52493.7 53745.8 -1252.1
4.41684 55704.7 57654.4 -1949.7
4.42253 61401.5 63114.6 -1713.1
4.42822 69824.1 70981.9 -1157.8
4.43391 82097.4 82719.5 -622.1
4.4396 99476.7 101006 -1529.3
4.44529 125889 130839 -4950
4.45098 175105 181539 -6434
4.45667 264355 270045 -5690
4.46235 420527 424661 -4134
4.46804 684041 683614 427
4.47373 1.0664e+06 1.0755e+06 -9100
4.47942 1.55937e+06 1.57048e+06 -11110
4.48511 2.04704e+06 2.02832e+06 18720
4.4908 2.2603e+06 2.22997e+06 30330
4.49649 2.04821e+06 2.04323e+06 4980
4.50217 1.62151e+06 1.56768e+06 53830
4.50786 1.09919e+06 1.04511e+06 54080
4.51355 639857 645051 -5194
4.51924 370076 394518 -24442
4.52493 227635 251067 -23432
4.53062 152505 170013 -17508
4.5363 111670 122908 -11238
4.54199 85814.2 94276.1 -8461.9
4.54768 68682.5 75980 -7297.5
4.55337 58100 63684 -5584
4.55906 50935.1 55033.3 -4098.2
4.56475 45868.1 48724.4 -2856.3
4.57043 42397.7 43994.7 -1597
4.57612 38926 40346.5 -1420.5
4.58181 36231.1 37437.3 -1206.2
4.5875 34068.1 35052 -983.9
4.59319 32408.5 33074.9 -666.4
4.59888 31004.6 31434.4 -429.8
4.60456 29705 30055.8 -350.8
4.61025 28549 28861.3 -312.3
4.61594 27604.9 27796.4 -191.5
4.62163 26692.1 26844 -151.9
4.62732 26001.8 26004.2 -2.4
4.63301 25334.9 25259.7 75.2
4.63869 24676.9 24575.6 101.3
4.64438 24051.4 23929.8 121.6
4.65007 23516.4 23327.4 189
4.65576 23086.1 22782.8 303.3
4.66145 22641.9 22292.1 349.8
4.66713 22265.3 21833.1 432.2
4.67282 21907.9 21390.5 517.4
4.67851 21535.2 20971.6 563.6
4.6842 21213.3 20592.7 620.6
4.68989 20962.4 20254.7 707.7
4.69558 20711.2 19941 770.2
4.70126 20487.1 19639 848.1
4.70695 20310.4 19355.6 954.8
4.71264 20058.5 19106.6 951.9
4.71833 19754.8 18894.8 860
4.72402 19510.3 18707.2 803.1
4.7297 19194.1 18532.6 661.5
4.73539 18957.4 18370.5 586.9
4.74108 18755.3 18225.9 529.4
4.74677 18548.9 18098.6 450.3
4.75246 18382 17976.8 405.2
4.75814 18207.3 17849.5 357.8
4.76383 18104 17720.4 383.6
4.76952 17961.1 17602 359.1
4.77521 17820.2 17498 322.2
4.78089 17713.6 17398.3 315.3
4.78658 17568.3 17292.8 275.5
4.79227 17461.1 17184.2 276.9
4.79796 17353.7 17083.9 269.8
4.80365 17265.1 17003.3 261.8
4.80933 17144.9 16925.4 219.5
4.81502 17018.8 16835.3 183.5
4.82071 16946.3 16741.6 204.7
4.8264 16816 16654.6 161.4
4.83208 16730 16578.5 151.5
4.83777 16632.1 16505.8 126.3
4.84346 16540 16427.7 112.3
4.84915 16491.1 16345.6 145.5
4.85484 16396.2 16268.9 127.3
4.86052 16309.6 16201.9 107.7
4.86621 16242.5 16138.3 104.2
4.8719 16177.2 16069.7 107.5
4.87759 16087.6 15996.9 90.7
4.88327 15984.6 15928.5 56.1
4.88896 15969.4 15869 100.4
4.89465 15929.9 15812.8 117.1
4.90034 15854.8 15752.1 102.7
4.90602 15775.1 15687.1 88
4.91171 15701.6 15625.6 76
4.9174 15638.3 15572.3 66
4.92309 15578.7 15522.5 56.2
4.92877 15514.8 15468.5 46.3
4.93446 15415.2 15410.2 5
4.94015 15390.1 15354.8 35.3
4.94584 15354.5 15306.9 47.6
4.95152 15304 15262.5 41.5
4.95721 15241.6 15214.5 27.1
4.9629 15194.8 15162.2 32.6
4.96859 15156.6 15112.2 44.4
4.97427 15109.7 15069.2 40.5
4.97996 15063.4 15029.7 33.7
4.98565 15053.8 14987 66.8
4.99134 14937.7 14940.1 -2.4
4.99702 14921.2 14895 26.2
5.00271 14956.4 14856.4 100
5.0084 14890.1 14821.5 68.6
5.01409 14876.6 14783.7 92.9
5.01977 14840.5 14741.8 98.7
5.02546 14782.7 14701.3 81.4
5.03115 14718.7 14666.8 51.9
5.03684 14758.1 14636 122.1
5.04252 14712.5 14602.8 109.7
5.04821 14660.5 14565.6 94.9
5.0539 14672.9 14529.4 143.5
5.05958 14686.8 14498.8 188
5.06527 14734.2 14472 262.2
5.07096 14731 14443.2 287.8
5.07665 14800.4 14410.4 390
5.08233 14850.9 14378.3 472.6
5.08802 14868.3 14351.4 516.9
5.09371 14816.2 14328.4 487.8
5.09939 14717.4 14303.7 413.7
5.10508 14563.1 14275.2 287.9
5.11077 14475.2 14247 228.2
5.11646 14409.5 14223.8 185.7
5.12214 14357.5 14204.4 153.1
5.12783 14355.3 14183.7 171.6
5.13352 14276.5 14159.4 117.1
5.1392 14278.6 14135 143.6
5.14489 14236.3 14115.2 121.1
5.15058 14192.8 14099.5 93.3
5.15626 14220.8 14082.7 138.1
5.16195 14184.2 14062.3 121.9
5.16764 14167.7 14041.6 126.1
5.17333 14160.6 14025.3 135.3
5.17901 14123.1 14013.1 110
5.1847 14129.1 14000.1 129
5.19039 14134.6 13983.6 151
5.19607 14125.9 13966.6 159.3
5.20176 14121.3 13953.7 167.6
5.20745 14142.5 13944.9 197.6
5.21313 14212.2 13935.7 276.5
5.21882 14180.5 13923.1 257.4
5.22451 14172.9 13909.7 263.2
5.23019 14132.2 13900.1 232.1
5.23588 14050.1 13894.7 155.4
5.24157 14032.5 13889.2 143.3
5.24725 13976.5 13880.5 96
5.25294 13972.5 13870.7 101.8
5.25863 13961.3 13864.5 96.8
5.26431 13929.2 13862.5 66.7
5.27 13901.2 13860.7 40.5
5.27569 13891.9 13855.7 36.2
5.28137 13911.5 13849.3 62.2
5.28706 13927.9 13846.1 81.8
5.29275 13941.4 13847 94.4
5.29843 13993.8 13848.3 145.5
5.30412 14047.4 13846.5 200.9
5.30981 14162.4 13843 319.4
5.31549 14158.2 13842.3 315.9
5.32118 14290.6 13845.9 444.7
5.32687 14296.6 13850.2 446.4
5.33255 14289.8 13851.3 438.5
5.33824 14241.3 13850.6 390.7
5.34393 14110.5 13852.5 258
5.34961 13984.9 13858.7 126.2
5.3553 13927.6 13865.8 61.8
5.36099 13878.3 13869.9 8.4
5.36667 13882.6 13872 10.6
5.37236 13882.8 13876.4 6.4
5.37805 13849.6 13885.1 -35.5
5.38373 13834.8 13895.1 -60.3
5.38942 13832.4 13902.1 -69.7
5.3951 13847.9 13906.9 -59
5.40079 13833.2 13913.8 -80.6
5.40648 13849 13925.1 -76.1
5.41216 13842.5 13937.9 -95.4
5.41785 13847 13948 -101
5.42354 13850.4 13955.5 -105.1
5.42922 13856.2 13965 -108.8
5.43491 13889.3 13978.9 -89.6
5.4406 13901.2 13994.7 -93.5
5.44628 13950.7 14007.8 -57.1
5.45197 14017.3 14018.3 -1
5.45765 14099.7 14030.4 69.3
5.46334 14249.7 14047.1 202.6
5.46903 14362.8 14066 296.8
5.47471 14468.5 14082.5 386
5.4804 14489.4 14096.1 393.3
5.48608 14370 14111.1 258.9
5.49177 14289.2 14130.9 158.3
5.49746 14170.8 14153.3 17.5
5.50314 14145.7 14173.5 -27.8
5.50883 14090 14200.1 -110.1
5.51452 14087.6 14220.8 -133.2
5.5202 14121.9 14244.8 -122.9
5.52589 14136.8 14272.8 -136
5.53157 14144.1 14297.6 -153.5
5.53726 14183.9 14317.5 -133.6
5.54295 14215.3 14338.9 -123.6
5.54863 14242.8 14367.4 -124.6
5.55432 14256.8 14400.7 -143.9
5.56 14298 14431.3 -133.3
5.56569 14298.9 14457.1 -158.2
5.57138 14361 14484.1 -123.1
5.57706 14421.7 14518.8 -97.1
5.58275 14464.1 14559.4 -95.3
5.58843 14522.4 14598.2 -75.8
5.59412 14555.9 14632.4 -76.5
5.5998 14643.7 14668 -24.3
5.60549 14711.9 14712.2 -0.3
5.61118 14777.2 14763.9 13.3
5.61686 14853.4 14815.4 38
5.62255 14968 14863.2 104.8
5.62823 15054.3 14913.1 141.2
5.63392 15149.9 14973.6 176.3
5.6396 15269.3 15044.4 224.9
5.64529 15377.3 15118.1 259.2
5.65098 15525.7 15190.4 335.3
5.65666 15583.5 15267.7 315.8
5.66235 15696.9 15359.7 337.2
5.66803 15853.1 15468.2 384.9
5.67372 15999.1 15586.4 412.7
5.6794 16249.4 15710.4 539
5.68509 16454.5 15847.7 606.8
5.69078 16737.8 16011.5 726.3
5.69646 17088.1 16207.7 880.4
5.70215 17378.7 16433.5 945.2
5.70783 17719.2 16689.1 1030.1
5.71352 18073 16988.6 1084.4
5.7192 18402.3 17356.5 1045.8
5.72489 18946.9 17815.1 1131.8
5.73057 19560.5 18383 1177.5
5.73626 20406.7 19089.7 1317
5.74195 21428.4 19995.2 1433.2
5.74763 22739.9 21198.5 1541.4
5.75332 24414.2 22841.7 1572.5
5.759 26663.5 25138 1525.5
5.76469 30297.7 28445.4 1852.3
5.77037 35740.1 33400.4 2339.7
5.77606 44384.9 41150.6 3234.3
5.78174 58027.5 53748.4 4279.1
5.78743 79609.7 74831.9 4777.8
5.79311 117457 110483 6974
5.7988 182712 169283 13429
5.80448 274980 258848 16132
5.81017 385592 375490 10102
5.81585 478554 490808 -12254
5.82154 522409 554317 -31908
5.82722 501451 528440 -26989
5.83291 408381 427090 -18709
5.8386 297995 303202 -5207
5.84428 206825 200180 6645
5.84997 143105 130406 12699
5.85565 98252.2 87660.5 10591.7
5.86134 69268.5 62305.6 6962.9
5.86702 52461.3 47160.3 5301
5.87271 42417.5 37867.6 4549.9
5.87839 36411.8 31955.2 4456.6
5.88408 32041.2 28042.9 3998.3
5.88976 28663 25356 3307
5.89545 26314.5 23452.5 2862
5.90113 24560.4 22070 2490.4
5.90682 23264.4 21039.8 2224.6
5.9125 22271.7 20250.8 2020.9
5.91819 21508 19632.6 1875.4
5.92387 20778.6 19143.3 1635.3
5.92956 20154.5 18754.5 1400
5.93524 19695.3 18442.2 1253.1
5.94093 19234.7 18185.3 1049.4
5.94661 18957.1 17970.4 986.7
5.9523 18605.4 17791.4 814
5.95798 18351.8 17644.1 707.7
5.96366 18141.3 17522.5 618.8
5.96935 17947.2 17419.5 527.7
5.97503 17772.1 17330.7 441.4
5.98072 17628.8 17257.7 371.1
5.9864 17585 17183.6 401.4
5.99209 17379 17133.4 245.6
5.99777 17306.1 17091 215.1
6.00346 17220.5 17053.8 166.7
6.00914 17178.5 17022.3 156.2
6.01483 17177.6 16997.9 179.7
6.02051 17119.8 16979.3 140.5
6.0262 17077.5 16963.4 114.1
6.03188 17057.6 16960 97.6
6.03757 17036.3 16990.4 45.9
6.04325 17079.9 17024 55.9
6.04894 17109 17072.6 36.4
6.05462 17155 17132.9 22.1
6.0603 17186.3 17202.6 -16.3
6.06599 17263.5 17280.6 -17.1
6.07167 17310.4 17366.2 -55.8
6.07736 17420.6 17457.3 -36.7
6.08304 17504.9 17551.3 -46.4
6.08873 17548.5 17646.4 -97.9
6.09441 17722 17741.4 -19.4
6.1001 17703.1 17835.1 -132
6.10578 17922.1 17925.7 -3.6
6.11146 18098.6 18010.6 88
6.11715 18238.5 18088.4 150.1
6.12283 18357.5 18158.1 199.4
6.12852 18437.1 18218.2 218.9
6.1342 18305.5 18266.3 39.2
6.13989 18449.6 18300.7 148.9
6.14557 18385.6 18319.6 66
6.15125 18356.2 18322.6 33.6
6.15694 18318.3 18293.4 24.9
6.16262 18198.6 18241.8 -43.2
6.16831 18275.3 18171.1 104.2
6.17399 18233.3 18085.4 147.9
6.17968 18109.8 17988.7 121.1
6.18536 18079.2 17883.9 195.3
6.19104 17987.2 17773.6 213.6
6.19673 17816.2 17661 155.2
6.20241 17853.6 17550.7 302.9
6.2081 17708.3 17446.6 261.7
6.21378 17636.8 17351.4 285.4
6.21946 17514.2 17268.8 245.4
6.22515 17340.1 17198.2 141.9
6.23083 17275.8 17125.9 149.9
6.23652 17129 17052.1 76.9
6.2422 17012 16976.3 35.7
6.24788 16948.3 16897.7 50.6
6.25357 16792.2 16816.5 -24.3
6.25925 16658.6 16734.6 -76
6.26494 16612.1 16653.1 -41
6.27062 16516.2 16571.2 -55
6.2763 16424.9 16487.9 -63
6.28199 16353.6 16403.6 -50
6.28767 16224.7 16320.3 -95.6
6.29336 16173 16239.2 -66.2
6.29904 16131.9 16159.4 -27.5
6.30472 16053.8 16079.8 -26
6.31041 15937.7 16000.8 -63.1
6.31609 15897.5 15925.8 -28.3
6.32177 15765.9 15845.6 -79.7
6.32746 15735.2 15776.7 -41.5
6.33314 15700.5 15710 -9.5
6.33883 15639.3 15645.2 -5.9
6.34451 15575.7 15584.3 -8.6
6.35019 15550.5 15529.3 21.2
6.35588 15543.1 15480 63.1
6.36156 15514.3 15434.4 79.9
6.36724 15467.8 15392.3 75.5
6.37293 15441.9 15355.8 86.1
6.37861 15448.5 15327.1 121.4
6.38429 15407.1 15305.8 101.3
6.38998 15388.2 15289.9 98.3
6.39566 15421.8 15279.1 142.7
6.40135 15435.5 15276.1 159.4
6.40703 15364.4 15280.1 84.3
6.41271 15376.7 15287.6 89.1
6.4184 15381.7 15296.2 85.5
6.42408 15394.5 15305.2 89.3
6.42976 15345.6 15316.4 29.2
6.43545 15371 15331.9 39.1
6.44113 15406.4 15350.7 55.7
6.44681 15424.8 15370.4 54.4
6.4525 15414.2 15390.1 24.1
6.45818 15424.7 15411.9 12.8
6.46386 15423 15437.9 -14.9
6.46955 15457.8 15467.1 -9.3
6.47523 15464.3 15496.9 -32.6
6.48091 15490.4 15526.4 -36
6.4866 15545.6 15557.9 -12.3
6.49228 15555 15593.4 -38.4
6.49796 15608.9 15632 -23.1
6.50365 15625 15671.1 -46.1
6.50933 15647.4 15709.7 -62.3
6.51501 15710.1 15750 -39.9
6.52069 15721 15794.2 -73.2
6.52638 15743.2 15848.9 -105.7
6.53206 15782.1 15843 -60.9
6.53774 15857.9 15894.1 -36.2
6.54343 15883.8 15945.1 -61.3
6.54911 15982 15996.6 -14.6
6.55479 16004.4 16050.1 -45.7
6.56048 16060.9 16106.7 -45.8
6.56616 16148.1 16166.1 -18
6.57184 16199.3 16226.5 -27.2
6.57753 16242.5 16287.8 -45.3
6.58321 16301 16351.5 -50.5
6.58889 16389.9 16419 -29.1
6.59457 16479.1 16490 -10.9
6.60026 16592.6 16562.9 29.7
6.60594 16702.3 16637.8 64.5
6.61162 16803.8 16716.1 87.7
6.61731 16881 16799.6 81.4
6.62299 16997.2 16888.3 108.9
6.62867 17165.5 16981.1 184.4
6.63435 17324.6 17078.1 246.5
6.64004 17505.1 17181.3 323.8
6.64572 17712.6 17293.2 419.4
6.6514 17867.9 17414.5 453.4
6.65708 18055.3 17544.9 510.4
6.66277 18266.1 17685.6 580.5
6.66845 18483.6 17840 643.6
6.67413 18787.8 18012.3 775.5
6.67982 19001.3 18205.5 795.8
6.6855 19340.9 18422.2 918.7
6.69118 19752.1 18667.1 1085
6.69686 20165.8 18948.2 1217.6
6.70255 20693.2 19276.3 1416.9
6.70823 21309.1 19662.9 1646.2
6.71391 21933.2 20122.1 1811.1
6.71959 22841.1 20674.4 2166.7
6.72528 23905.4 21349.9 2555.5
6.73096 25158.1 22190.9 2967.2
6.73664 26761.7 23254.2 3507.5
6.74232 28654.7 24620.2 4034.5
6.74801 30984.8 26406.9 4577.9
6.75369 34295.6 28790.3 5505.3
6.75937 38587.6 32033.1 6554.5
6.76505 43996 36526 7470
6.77074 50985.8 42851.3 8134.5
6.77642 59865.1 51873.9 7991.2
6.7821 73911.3 64837 9074.3
6.78778 92612.2 83447.2 9165
6.79346 118505 109843 8662
6.79915 153532 146290 7242
6.80483 197113 194389 2724
6.81051 244734 253599 -8865
6.81619 307304 319460 -12156
6.82188 369701 382553 -12852
6.82756 417235 429811 -12576
6.83324 440179 448961 -8782
6.83892 433670 434307 -637
6.8446 383514 389970 -6456
6.85029 320565 327701 -7136
6.85597 257867 261141 -3274
6.86165 201272 200617 655
6.86733 159611 151225 8386
6.87301 118077 113733 4344
6.8787 88706.1 86554.1 2152
6.88438 68377.3 67355.3 1022
6.89006 54267.9 53936.8 331.1
6.89574 44798 44552.5 245.5
6.90142 38550.6 37933 617.6
6.90711 32944.9 33196.8 -251.9
6.91279 29284.5 29749.5 -465
6.91847 26770.2 27192.4 -422.2
6.92415 24875.3 25258 -382.7
6.92983 23566.9 23766 -199.1
6.93551 22524.4 22593.7 -69.3
6.9412 21502.6 21656.3 -153.7
6.94688 20780.4 20894.4 -114
6.95256 20215.5 20267.4 -51.9
6.95824 19681.4 19741.7 -60.3
6.96392 19409.5 19296.3 113.2
6.96961 19034 18914.5 119.5
6.97529 18721.1 18584.2 136.9
6.98097 18477.4 18295.8 181.6
6.98665 18222 18042 180
6.99233 18071.1 17816.8 254.3
6.99801 17943 17615.7 327.3
7.00369 17741.8 17435.3 306.5
7.00938 17607 17273.2 333.8
7.01506 17481.6 17126.9 354.7
7.02074 17406.7 16994.4 412.3
7.02642 17340 16873.9 466.1
7.0321 17253.3 16764.5 488.8
7.03778 17153.7 16665.7 488
7.04347 17030.7 16576.8 453.9
7.04915 16899.4 16496.6 402.8
7.05483 16762.8 16424.2 338.6
7.06051 16664.4 16359.8 304.6
7.06619 16626.3 16303.3 323
7.07187 16541.2 16254.7 286.5
7.07755 16489.2 16213.3 275.9
7.08323 16421.9 16177.9 244
7.08892 16427.8 16147.4 280.4
7.0946 16401.2 16122.2 279
7.10028 16367.8 16102.1 265.7
7.10596 16341.6 16086.2 255.4
7.11164 16378.9 16073.8 305.1
7.11732 16362.8 16064.8 298
7.123 16398.4 16059.8 338.6
7.12868 16419.9 16058.9 361
7.13437 16447.6 16061 386.6
7.14005 16505.1 16065.4 439.7
7.14573 16552.3 16072.3 480
7.15141 16646.3 16082.4 563.9
7.15709 16713.3 16095.7 617.6
7.16277 16721.3 16111.4 609.9
7.16845 16709.5 16128.7 580.8
7.17413 16663.2 16147.7 515.5
7.17981 16578.9 16169.3 409.6
7.18549 16561.9 16193.8 368.1
7.19118 16588.7 16220.2 368.5
7.19686 16529.5 16247.7 281.8
7.20254 16504.9 16276.4 228.5
7.20822 16530.3 16307.3 223
7.2139 16449.5 16340.8 108.7
7.21958 16413.9 16376 37.9
7.22526 16395.8 16411.7 -15.9
7.23094 16360.5 16448.2 -87.7
7.23662 16344.5 16486.6 -142.1
7.2423 16351.6 16527.4 -175.8
7.24798 16391.2 16569.6 -178.4
7.25366 16462.5 16612.1 -149.6
7.25935 16491.5 16654.9 -163.4
7.26503 16579.4 16699.5 -120.1
7.27071 16628.7 16746.4 -117.7
7.27639 16674.1 16794.9 -120.8
7.28207 16752.9 16843.4 -90.5
7.28775 16816.8 16892.4 -75.6
7.29343 16815.1 16943.3 -128.2
7.29911 16874.3 16997.1 -122.8
7.30479 16904 17052.9 -148.9
7.31047 16969.8 17109.3 -139.5
7.31615 17024.1 17166.6 -142.5
7.32183 17081.6 17226.8 -145.2
7.32751 17150.9 17291.2 -140.3
7.33319 17186 17359.1 -173.1
7.33887 17316.8 17429 -112.2
7.34455 17409.3 17501.5 -92.2
7.35023 17532.4 17579.1 -46.7
7.35591 17637.4 17663.8 -26.4
7.36159 17771.3 17755.3 16
7.36727 17919.3 17854.2 65.1
7.37295 18099.1 17962.6 136.5
7.37863 18277.4 18084.3 193.1
7.38432 18488.7 18223.2 265.5
7.39 18748.1 18380.9 367.2
7.39568 18991.3 18558.1 433.2
7.40136 19279.7 18760.6 519.1
7.40704 19589 18993 596
7.41272 19973.4 19266.2 707.2
7.4184 20374.8 19588.7 786.1
7.42408 20872.6 19969.9 902.7
7.42976 21390.7 20426 964.7
7.43544 22111 20982.9 1128.1
7.44112 22925.9 21676 1249.9
7.4468 23927.9 22550.7 1377.2
7.45248 25074.8 23670.5 1404.3
7.45816 26555.3 25133.4 1421.9
7.46384 28365.6 27094.5 1271.1
7.46952 31057.3 29793.2 1264.1
7.4752 34739.6 33602.1 1137.5
7.48088 39946.2 39116.3 829.9
7.48656 46966.5 47303.7 -337.2
7.49224 58427.2 59731.1 -1303.9
7.49792 77667.2 78856.3 -1189.1
7.5036 108591 108268 323
7.50928 156054 152576 3478
7.51496 222633 216161 6472
7.52063 304771 299871 4900
7.52631 399259 395774 3485
7.53199 484384 483455 929
7.53767 526600 534619 -8019
7.54335 512167 528334 -16167
7.54903 453237 466452 -13215
7.55471 370108 372951 -2843
7.56039 277690 277050 640
7.56607 197999 197431 568
7.57175 140176 139311 865
7.57743 101448 99905.5 1542.5
7.58311 77330.2 74115.1 3215.1
7.58879 60343.6 57394.7 2948.9
7.59447 48458.9 46463.9 1995
7.60015 40995.3 39183.3 1812
7.60583 36003.2 34214.1 1789.1
7.61151 32477.3 30733.7 1743.6
7.61719 30066.5 28236.9 1829.6
7.62287 28068.3 26404.1 1664.2
7.62855 26440.8 25025.8 1415
7.63423 25220 23963.6 1256.4
7.6399 24240.1 23128.9 1111.2
7.64558 23487.3 22465.4 1021.9
7.65126 22910.7 21933 977.7
7.65694 22279.5 21498.1 781.4
7.66262 21794.8 21134.8 660
7.6683 21339.1 20827.1 512
7.67398 21020.6 20566.9 453.7
7.67966 20702.5 20347.6 354.9
7.68534 20473.5 20159.9 313.6
7.69102 20172.8 19994.6 178.2
7.6967 20001.5 19847 154.5
7.70238 19833.2 19718.4 114.8
7.70806 19664.5 19609.1 55.4
7.71373 19562.3 19515.3 47
7.71941 19430 19432 -2
7.72509 19358.9 19357.3 1.6
7.73077 19258.2 19293.3 -35.1
7.73645 19212.6 19242 -29.4
7.74213 19138.5 19201.8 -63.3
7.74781 19102 19169.4 -67.4
7.75349 19089.8 19144.3 -54.5
7.75917 19078.3 19129.8 -51.5
7.76484 19089.1 19129.6 -40.5
7.77052 19115.6 19144.3 -28.7
7.7762 19201.6 19173.3 28.3
7.78188 19305.8 19219 86.8
7.78756 19451.9 19288.7 163.2
7.79324 19651.4 19391.5 259.9
7.79892 19897 19536.7 360.3
7.8046 20197.5 19735.7 461.8
7.81027 20561.6 20008.1 553.5
7.81595 21033.9 20386 647.9
7.82163 21576.8 20914.3 662.5
7.82731 22353.1 21651.1 702
7.83299 23438.6 22669.7 768.9
7.83867 24751.2 24060.3 690.9
7.84435 26431.7 25920.1 511.6
7.85002 28460.9 28329.7 131.2
7.8557 30978.3 31319.1 -340.8
7.86138 34168.5 34810.7 -642.2
7.86706 37800.3 38653.2 -852.9
7.87274 41608.6 42526.3 -917.7
7.87842 45088.8 46022.7 -933.9
7.8841 47878.4 48701.1 -822.7
7.88977 50251.5 50183.7 67.8
7.89545 50983.7 50252.4 731.3
7.90113 50058.1 48908.5 1149.6
7.90681 47204.2 46374.7 829.5
7.91249 43032.2 43032.6 -0.4
7.91817 39611.7 39327.5 284.2
7.92384 35088.3 35674.6 -586.3
7.92952 31203.6 32390.6 -1187
7.9352 28372.9 29664.7 -1291.8
7.94088 26562.2 27565.4 -1003.2
7.94656 25418.1 26075.5 -657.4
7.95223 25191.9 25134.4 57.5
7.95791 25171.3 24674.4 496.9
7.96359 25558.9 24643.9 915
7.96927 26291.8 25020.2 1271.6
7.97495 27424.7 25818.7 1606
7.98062 28811.5 27104.5 1707
7.9863 31066.7 29007.6 2059.1
7.99198 34032.9 31742.8 2290.1
7.99766 38074.3 35641.7 2432.6
8.00334 43512.2 41201.6 2310.6
8.00901 50749.1 49149.5 1599.6
8.01469 60547.5 60518.1 29.4
8.02037 75516.1 76671.4 -1155.3
8.02605 96591.5 99242.8 -2651.3
8.03173 125748 129837 -4089
8.0374 163953 169358 -5405
8.04308 208472 216926 -8454
8.04876 259502 268653 -9151
8.05444 315262 317130 -1868
8.06012 359650 352663 6987
8.06579 379294 366549 12745
8.07147 366517 355017 11500
8.07715 327093 321203 5890
8.08283 279361 273701 5660
8.0885 223172 222541 631
8.09418 171061 175594 -4533
8.09986 130593 137089 -6496
8.10554 102937 108118 -5181
8.11121 84726.8 87931.8 -3205
8.11689 74147.7 75140 -992.3
8.12257 67817.9 68438.5 -620.6
8.12825 66729.5 66905 -175.5
8.13392 70018.4 70038.8 -20.4
8.1396 77338 77640.3 -302.3
8.14528 87404.1 89574.2 -2170.1
8.15096 102138 105461 -3323
8.15663 121164 124289 -3125
8.16231 141825 144159 -2334
8.16799 161632 162284 -652
8.17366 176643 175444 1199
8.17934 182766 180881 1885
8.18502 183729 177252 6477
8.1907 172714 165181 7533
8.19637 152635 146982 5653
8.20205 127622 125782 1840
8.20773 103336 104523 -1187
8.21341 82978.2 85286.7 -2308.5
8.21908 66888.7 69128 -2239.3
8.22476 52840.6 56261.1 -3420.5
8.23044 42960.9 46390 -3429.1
8.23611 36249.9 38996 -2746.1
8.24179 31427.7 33529.7 -2102
8.24747 28184.9 29507.3 -1322.4
8.25314 25898.5 26539.8 -641.3
8.25882 23974.7 24334.3 -359.6
8.2645 22515.4 22676.5 -161.1
8.27018 21474.6 21413 61.6
8.27585 20647.2 20435.2 212
8.28153 20040.7 19666.6 374.1
8.28721 19557.7 19053 504.7
8.29288 19081.8 18555.4 526.4
8.29856 18674.1 18145.6 528.5
8.30424 18338 17803.3 534.7
8.30991 18023.2 17514.1 509.1
8.31559 17810.6 17266.8 543.8
8.32127 17595.3 17053.1 542.2
8.32694 17400.8 16866.2 534.6
8.33262 17217.2 16701.3 515.9
8.3383 17066.8 16554.9 511.9
8.34397 16908.3 16424.1 484.2
8.34965 16803.3 16306.4 496.9
8.35533 16656.9 16199.5 457.4
8.361 16534.1 16102 432.1
8.36668 16424.2 16012.8 411.4
8.37236 16279.1 15931.1 348
8.37803 16190 15855.8 334.2
8.38371 16143.1 15786 357.1
8.38938 16055.2 15721.2 334
8.39506 15967.7 15661.2 306.5
8.40074 15902.1 15605.7 296.4
8.40641 15819.2 15554.2 265
8.41209 15760.6 15507.7 252.9
8.41777 15720 15463.5 256.5
8.42344 15647.2 15423.1 224.1
8.42912 15672.6 15386.6 286
8.4348 15514.8 15354 160.8
8.44047 15486.3 15325.6 160.7
8.44615 15449.4 15301.6 147.8
8.45182 15393.4 15283 110.4
8.4575 15354.8 15270.8 84
8.46318 15335.1 15266.3 68.8
8.46885 15275.6 15271.2 4.4
8.47453 15299.6 15288.5 11.1
8.4802 15299.2 15322.2 -23
8.48588 15289.2 15378.9 -89.7
8.49156 15350.6 15467.6 -117
8.49723 15442 15602.6 -160.6
8.50291 15595.4 15805.8 -210.4
8.50858 15847.2 16111.7 -264.5
8.51426 16256 16573.3 -317.3
8.51994 16792.9 17270.5 -477.6
8.52561 17862.7 18318 -455.3
8.53129 19432.9 19867 -434.1
8.53696 21850.2 22083.5 -233.3
8.54264 25201.2 25081.7 119.5
8.54832 29510.5 28791.8 718.7
8.55399 32929.8 32806.6 123.2
8.55967 36488.9 36325.1 163.8
8.56534 38183.1 38361.1 -178
8.57102 37801.2 38217.6 -416.4
8.57669 35635 35922.7 -287.7
8.58237 32370.1 32224.7 145.4
8.58804 27720.5 28136.5 -416
8.59372 24253.2 24444.1 -190.9
8.5994 21489.2 21510 -20.8
8.60507 19485.7 19361 124.7
8.61075 18083.6 17858.7 224.9
8.61642 17020.2 16831.2 189
8.6221 16198.6 16130 68.6
8.62777 15695.3 15654.7 40.6
8.63345 15353.9 15317.3 36.6
8.63912 15095.4 15074.9 20.5
8.6448 14944.7 14896.1 48.6
8.65047 14803.8 14760.6 43.2
8.65615 14664.5 14655.3 9.2
8.66183 14560.3 14571.2 -10.9
8.6675 14516.5 14502 14.5
8.67318 14496.2 14443.8 52.4
8.67885 14434.7 14394.2 40.5
8.68453 14375.5 14351.2 24.3
8.6902 14313.6 14313.3 0.3
8.69588 14306.7 14279.1 27.6
8.70155 14260.4 14248 12.4
8.70723 14275.7 14219.5 56.2
8.7129 14234.9 14193.5 41.4
8.71858 14232.8 14169.3 63.5
8.72425 14214.1 14146.6 67.5
8.72993 14199.2 14125 74.2
8.7356 14164.9 14104.6 60.3
8.74128 14152.7 14085.5 67.2
8.74695 14161.9 14067.5 94.4
8.75263 14098.6 14050.2 48.4
8.7583 14055.6 14033.5 22.1
8.76398 14035.2 14017.6 17.6
8.76965 14053.1 14002.8 50.3
8.77533 14024.3 13988.9 35.4
8.781 14029.1 13975.7 53.4
8.78668 13993.1 13963.2 29.9
8.79235 13964.7 13951.7 13
8.79803 13913.7 13941.6 -27.9
8.8037 13950.1 13933 17.1
8.80937 13967.8 13925.6 42.2
8.81505 14000.5 13919.8 80.7
8.82072 13984.6 13916 68.6
8.8264 14027.8 13914.9 112.9
8.83207 14047 13916.8 130.2
8.83775 14048.7 13922.2 126.5
8.84342 14121 13931.7 189.3
8.8491 14166.1 13946.6 219.5
8.85477 14174.1 13968.6 205.5
8.86045 14216.5 13999.6 216.9
8.86612 14312.5 14044.5 268
8.87179 14370.6 14083.3 287.3
8.87747 14479.6 14158 321.6
8.88314 14550.8 14258.7 292.1
8.88882 14705.9 14394.5 311.4
8.89449 14861 14578.3 282.7
8.90017 15096.3 14828.5 267.8
8.90584 15489.9 15171.6 318.3
8.91151 15932.7 15644.3 288.4
8.91719 16567.2 16297 270.2
8.92286 17306.7 17195.6 111.1
8.92854 18352.3 18432.6 -80.3
8.93421 19860.5 20097.9 -237.4
8.93989 21791.3 22300.1 -508.8
8.94556 24321.1 25118 -796.9
8.95123 27491.5 28561 -1069.5
8.95691 31104.7 32509.7 -1405
8.96258 35540.5 36667.3 -1126.8
8.96826 40186.2 40551.7 -365.5
8.97393 44125.1 43567.5 557.6
8.9796 46502.4 45160.4 1342
8.98528 46737.9 45003.4 1734.5
8.99095 45145.8 43125.6 2020.2
8.99663 41485.7 39898.2 1587.5
9.0023 36526.9 35895.6 631.3
9.00797 31445.2 31707.1 -261.9
9.01365 26838.5 27790.3 -951.8
9.01932 23284.4 24411.2 -1126.8
9.02499 20701.4 21662 -960.6
9.03067 18626.4 19516.8 -890.4
9.03634 17081.5 17889.2 -807.7
9.04202 16040.5 16675 -634.5
9.04769 15270.7 15776.7 -506
9.05336 14785.8 15112.8 -327
9.05904 14359.5 14619.7 -260.2
9.06471 14073.4 14250.3 -176.9
9.07038 13837.9 13970 -132.1
9.07606 13624.4 13754.7 -130.3
9.08173 13514.6 13587.4 -72.8
9.0874 13388.8 13455.7 -66.9
9.09308 13317.7 13350.5 -32.8
9.09875 13226.3 13265.3 -39
9.10442 13180.4 13196 -15.6
9.1101 13147.4 13139.4 8
9.11577 13139 13093.1 45.9
9.12144 13090.2 13054.9 35.3
9.12712 13074.2 13023.5 50.7
9.13279 13046.4 12998 48.4
9.13846 13012.5 12977.4 35.1
9.14414 12989.3 12960.1 29.2
9.14981 12948.6 12945.4 3.2
9.15548 12959 12932.7 26.3
9.16116 12933.6 12921.8 11.8
9.16683 12899.8 12912.9 -13.1
9.1725 12883.4 12905.7 -22.3
9.17818 12842.7 12899.7 -57
9.18385 12854.5 12894.8 -40.3
9.18952 12837.3 12890.9 -53.6
9.1952 12828.7 12888.4 -59.7
9.20087 12834.2 12887.1 -52.9
9.20654 12833.5 12886.8 -53.3
9.21221 12851.3 12887.1 -35.8
9.21789 12857.3 12888.4 -31.1
9.22356 12921.2 12890.9 30.3
9.22923 12895.9 12894.7 1.2
9.23491 12910.4 12899.5 10.9
9.24058 12916.6 12905.1 11.5
9.24625 12910.7 12911.8 -1.1
9.25192 12909.1 12920.2 -11.1
9.2576 12939 12930.3 8.7
9.26327 12948.5 12942 6.5
9.26894 12980.4 12955.4 25
9.27461 13010.7 12970.9 39.8
9.28029 13031 12989.4 41.6
9.28596 13076.8 13011.4 65.4
9.29163 13087.8 13037.1 50.7
9.2973 13113.8 13067.3 46.5
9.30298 13167.7 13103.1 64.6
9.30865 13222.3 13146.4 75.9
9.31432 13301 13199.2 101.8
9.31999 13385.6 13263.6 122
9.32567 13456.6 13343 113.6
9.33134 13557.1 13442.5 114.6
9.33701 13706.8 13569.4 137.4
9.34268 13893.3 13733.6 159.7
9.34836 14122 13949.2 172.8
9.35403 14408.1 14237.1 171
9.3597 14769.3 14628.9 140.4
9.36537 15291.4 15172.1 119.3
9.37105 16063.7 15936.7 127
9.37672 17175.5 17025.2 150.3
9.38239 18826.3 18584.6 241.7
9.38806 21202.6 20815 387.6
9.39373 24536.7 23962.5 574.2
9.39941 28653.8 28279.8 374
9.40508 34420.8 33916.1 504.7
9.41075 41591.6 40744.6 847
9.41642 48810.6 48161.1 649.5
9.42209 55167.6 55004.8 162.8
9.42777 59092.5 59515.2 -422.7
9.43344 59668.8 62232.1 -2563.3
9.43911 57601.5 58913.9 -1312.4
9.44478 52322.6 53530.2 -1207.6
9.45045 45653.5 46454.9 -801.4
9.45613 38922.9 39142.7 -219.8
9.4618 32864.5 32620.3 244.2
9.46747 28048.1 27348.5 699.6
9.47314 24337.3 23361.1 976.2
9.47881 21315.6 20470.6 845
9.48448 19122.1 18425.2 696.9
9.49016 17562.2 16992.9 569.3
9.49583 16522.8 15989.3 533.5
9.5015 15791.6 15280.9 510.7
9.50717 15259.4 14775.2 484.2
9.51284 14839.9 14409.5 430.4
9.51851 14525.1 14140.7 384.4
9.52419 14294.9 13939.8 355.1
9.52986 14086.2 13787 299.2
9.53553 13948.8 13669.6 279.2
9.5412 13856.1 13578.8 277.3
9.54687 13735.2 13507.7 227.5
9.55254 13641.8 13451.1 190.7
9.55821 13591.9 13405.7 186.2
9.56389 13551.6 13369.3 182.3
9.56956 13495.9 13346 149.9
9.57523 13444.3 13304.3 140
9.5809 13450.8 13286.1 164.7
9.58657 13407.2 13271.8 135.4
9.59224 13397.1 13260.6 136.5
9.59791 13385.2 13252.2 133
9.60358 13386.5 13246.1 140.4
9.60925 13353.5 13242 111.5
9.61493 13371.4 13239.5 131.9
9.6206 13356.7 13238.4 118.3
9.62627 13367.4 13238.6 128.8
9.63194 13394 13239.9 154.1
9.63761 13398 13242.3 155.7
9.64328 13373.5 13245.4 128.1
9.64895 13367.9 13249.4 118.5
9.65462 13407.2 13254 153.2
9.66029 13408.8 13259.4 149.4
9.66596 13410.1 13265.4 144.7
9.67164 13411.3 13272 139.3
9.67731 13425.8 13279.1 146.7
9.68298 13421.1 13286.7 134.4
9.68865 13437.8 13294.9 142.9
9.69432 13461 13303.5 157.5
9.69999 13485.2 13312.6 172.6
9.70566 13458 13322.1 135.9
9.71133 13498.6 13331.9 166.7
9.717 13506.9 13342.2 164.7
9.72267 13531.9 13352.9 179
9.72834 13556.3 13363.9 192.4
9.73401 13571.7 13375.1 196.6
9.73968 13565 13386.7 178.3
9.74535 13608.7 13398.5 210.2
9.75102 13651.4 13410.8 240.6
9.75669 13651.1 13423.3 227.8
9.76236 13656.8 13436 220.8
9.76804 13651.9 13449 202.9
9.77371 13677.8 13462.3 215.5
9.77938 13691.9 13475.9 216
9.78505 13669.7 13489.9 179.8
9.79072 13694.3 13504.1 190.2
9.79639 13701.9 13518.7 183.2
9.80206 13706.8 13533.6 173.2
9.80773 13709.6 13548.9 160.7
9.8134 13715.7 13564.6 151.1
9.81907 13743 13580.5 162.5
9.82474 13736.4 13596.9 139.5
9.83041 13733.1 13613.6 119.5
9.83608 13728.3 13630.7 97.6
9.84175 13742.8 13648.2 94.6
9.84742 13750.6 13666.2 84.4
9.85309 13748.1 13684.7 63.4
9.85876 13739.1 13703.6 35.5
9.86443 13791.9 13723.1 68.8
9.8701 13798.7 13743.1 55.6
9.87577 13787.3 13763.6 23.7
9.88144 13812 13784.6 27.4
9.88711 13851.5 13806.2 45.3
9.89278 13847.8 13828.4 19.4
9.89845 13889.1 13851.3 37.8
9.90412 13889 13874.9 14.1
9.90979 13893.9 13899.2 -5.3
9.91546 13936.9 13924.3 12.6
9.92112 13972.1 13950.4 21.7
9.92679 13978.5 13977.7 0.8
9.93246 14009.6 14004.9 4.7
9.93813 14040.8 14034 6.8
9.9438 14081.3 14064.3 17
9.94947 14084.6 14095.9 -11.3
9.95514 14119.8 14129.1 -9.3
9.96081 14147.3 14163.8 -16.5
9.96648 14189.7 14200.3 -10.6
9.97215 14217.7 14238.9 -21.2
9.97782 14253.1 14279.8 -26.7
9.98349 14318 14323.4 -5.4
9.98916 14382.5 14370 12.5
9.99483 14446.3 14420 26.3
10.0005 14495.6 14474.1 21.5
10.0062 14573 14532.9 40.1
10.0118 14625.6 14597.5 28.1
10.0175 14723.7 14668.7 55
10.0232 14792.7 14747.8 44.9
10.0288 14916.7 14836.7 80
10.0345 14999.9 14937.4 62.5
10.0402 15128.2 15052.9 75.3
10.0459 15268.8 15186.5 82.3
10.0515 15436.4 15343.1 93.3
10.0572 15594.3 15528.8 65.5
10.0629 15868.1 15752.3 115.8
10.0685 16109.2 16024.7 84.5
10.0742 16388.2 16361.8 26.4
10.0799 16751.8 16784.8 -33
10.0855 17269.5 17323.7 -54.2
10.0912 17888.7 18019.9 -131.2
10.0969 18679.1 18937.4 -258.3
10.1025 19645.4 20126.7 -481.3
10.1082 20944.8 21740.1 -795.3
10.1139 22813.1 23908.5 -1095.4
10.1195 25350.6 26825.1 -1474.5
10.1252 28827.1 30727.5 -1900.4
10.1309 33446.1 35882.8 -2436.7
10.1366 39466.6 42545.5 -3078.9
10.1422 46957.1 50870.6 -3913.5
10.1479 57022.6 60794.9 -3772.3
10.1536 69291.9 71895.3 -2603.4
10.1592 82695.1 83291.8 -596.7
10.1649 96007.9 93670.1 2337.8
10.1706 106889 101516 5373
10.1762 111331 105505 5826
10.1819 111553 104924 6629
10.1876 105571 99914.6 5656.4
10.1932 94761.3 91416.6 3344.7
10.1989 81598.9 80844.6 754.3
10.2046 69350.2 69655 -304.8
10.2102 56910.8 59016.4 -2105.6
10.2159 46704 49638.4 -2934.4
10.2216 38969.9 41853 -2883.1
10.2272 33195.3 35653.4 -2458.1
10.2329 28932.1 30864.1 -1932
10.2386 25920.7 27240.5 -1319.8
10.2442 23761.8 24534.1 -772.3
10.2499 21986.8 22526.4 -539.6
10.2556 20721.8 21040.7 -318.9
10.2613 19793.6 19939.7 -146.1
10.2669 19088 19121.2 -33.2
10.2726 18577.2 18510.6 66.6
10.2783 18198.3 18053.9 144.4
10.2839 17861.7 17712.8 148.9
10.2896 17614.8 17459.5 155.3
10.2953 17427.9 17274.2 153.7
10.3009 17299.4 17143.2 156.2
10.3066 17200.4 17057 143.4
10.3123 17154.3 17009.5 144.8
10.3179 17144.3 16997.1 147.2
10.3236 17193.3 17018.4 174.9
10.3293 17259.5 17074.2 185.3
10.3349 17307.2 17167.5 139.7
10.3406 17442.7 17303.6 139.1
10.3463 17622 17490.6 131.4
10.3519 17837 17739.4 97.6
10.3576 18140.8 18064.7 76.1
10.3633 18521 18485.2 35.8
10.3689 18989.2 19023.8 -34.6
10.3746 19627.4 19707.6 -80.2
10.3803 20373.1 20565.4 -192.3
10.3859 21250.3 21626 -375.7
10.3916 22374.4 22912.6 -538.2
10.3973 23795.2 24435.8 -640.6
10.4029 25493.9 26185.6 -691.7
10.4086 27413.4 28120.6 -707.2
10.4143 29548.1 30162.3 -614.2
10.4199 31627.5 32193.4 -565.9
10.4256 33857.2 34066 -208.8
10.4313 36023.3 35617.7 405.6
10.4369 37542.7 36375.5 1167.2
10.4426 38315.2 37989 326.2
10.4483 38217 37062.6 1154.4
10.4539 37245.4 36340.6 904.8
10.4596 35824.4 35115 709.4
10.4653 33856.2 33522.7 333.5
10.4709 31583.6 31722.3 -138.7
10.4766 29370.4 29866.5 -496.1
10.4823 27438.6 28082.6 -644
10.4879 25770.2 26462.4 -692.2
10.4936 24448.9 25061.1 -612.2
10.4993 23427.7 23902.2 -474.5
10.5049 22533.4 22985.4 -452
10.5106 21955.3 22296.5 -341.2
10.5163 21570.5 21814.3 -243.8
10.5219 21323.2 21516.8 -193.6
10.5276 21295.3 21384.9 -89.6
10.5333 21441.3 21405.3 36
10.5389 21727.2 21572.5 154.7
10.5446 22182.9 21889.8 293.1
10.5503 22772.2 22370.3 401.9
10.5559 23574 23038.7 535.3
10.5616 24580.2 23926.1 654.1
10.5673 25838 25099.7 738.3
10.5729 27441.9 26643.8 798.1
10.5786 29480.2 28652.6 827.6
10.5843 32040.4 31242.2 798.2
10.5899 35182.5 34548.2 634.3
10.5956 38971 38718.7 252.3
10.6013 43343.3 43900 -556.7
10.6069 48612.8 50212.6 -1599.8
10.6126 55470.1 57710.6 -2240.5
10.6183 63630.9 66340.6 -2709.7
10.6239 72727.4 75893.8 -3166.4
10.6296 82839.2 85970.9 -3131.7
10.6353 93284.3 95973.6 -2689.3
10.6409 102758 105148 -2390
10.6466 112748 112672 76
10.6523 120151 117790 2361
10.6579 123951 119949 4002
10.6636 124047 118910 5137
10.6693 120260 114811 5449
10.6749 113018 108117 4901
10.6806 102567 99529.9 3037.1
10.6863 90974.3 89847.6 1126.7
10.6919 79343.6 79837.1 -493.5
10.6976 68605.5 70133.5 -1528
10.7033 59132.2 61189.6 -2057.4
10.7089 51442.4 53271.5 -1829.1
10.7146 44642.3 46484.5 -1842.2
10.7203 38824 40816.4 -1992.4
10.7259 34224.5 36176.4 -1951.9
10.7316 30705 32434.8 -1729.8
10.7373 27989.9 29450.1 -1460.2
10.7429 25926.2 27085.7 -1159.5
10.7486 24294.6 25220.2 -925.6
10.7543 22928.2 23750 -821.8
10.7599 21863.1 22590.1 -727
10.7656 21045.2 21672.7 -627.5
10.7713 20396.6 20944.8 -548.2
10.7769 19919.4 20365.2 -445.8
10.7826 19542.2 19902.6 -360.4
10.7883 19253.9 19532.8 -278.9
10.7939 19010.5 19237.8 -227.3
10.7996 18808 19004.3 -196.3
10.8052 18673.5 18822.5 -149
10.8109 18570.7 18685.5 -114.8
10.8166 18483.1 18588.9 -105.8
10.8222 18489.5 18530.3 -40.8
10.8279 18503.4 18509.4 -6
10.8336 18538 18527.9 10.1
10.8392 18613.1 18589.8 23.3
10.8449 18740.1 18701.6 38.5
10.8506 18924.5 18873.5 51
10.8562 19162.5 19120.2 42.3
10.8619 19529 19462.6 66.4
10.8676 19985.2 19931 54.2
10.8732 20631.7 20567.9 63.8
10.8789 21443.3 21433.5 9.8
10.8846 22582.7 22613.8 -31.1
10.8902 23942.9 24228.6 -285.7
10.8959 25952.5 26445 -492.5
10.9016 28884.5 29487.5 -603
10.9072 32868.5 33640 -771.5
10.9129 38295.6 39235 -939.4
10.9185 45303.9 46604.4 -1300.5
10.9242 54093.3 55979.1 -1885.8
10.9299 64823.8 67332.2 -2508.4
10.9355 78213.5 80184.1 -1970.6
10.9412 92818 93477.9 -659.9
10.9469 106565 105615 950
10.9525 117164 114753 2411
10.9582 122479 119291 3188
10.9639 121621 118420 3201
10.9695 115831 112386 3445
10.9752 104361 102370 1991
10.9809 89927.7 90065.1 -137.4
10.9865 75592 77163.6 -1571.6
10.9922 62710.6 64985 -2274.4
10.9978 52062 54322.2 -2260.2
11.0035 43890.8 45489.4 -1598.6
11.0092 37269.3 38463 -1193.7
11.0148 32028.2 33025.6 -997.4
11.0205 28274.8 28900.3 -625.5
11.0262 25557.7 25799.9 -242.2
11.0318 23551.6 23478.1 73.5
11.0375 22116.1 21736 380.1
11.0432 21055.3 20420.6 634.7
11.0488 20137.1 19418.3 718.8
11.0545 19430.9 18644.9 786
11.0601 18895.1 18040.1 855
11.0658 18455 17560.1 894.9
11.0715 18125.7 17173.3 952.4
11.0771 17888 16856.9 1031.1
11.0828 17666.5 16594.2 1072.3
11.0885 17458.6 16372.7 1085.9
11.0941 17312.2 16183.5 1128.7
11.0998 17159.6 16019.7 1139.9
11.1055 17046.4 15876 1170.4
11.1111 16990.8 15748.6 1242.2
11.1168 16917.6 15634.4 1283.2
11.1225 16853.8 15530.9 1322.9
11.1281 16802.7 15436.4 1366.3
11.1338 16780.8 15354.8 1426
11.1394 16840.7 15265.3 1575.4
11.1451 16757.9 15265.3 1492.6
11.1508 16745.7 15265.3 1480.4
11.1564 16787.7 15265.3 1522.4
11.1621 16788.3 15265.3 1523
11.1678 16848.5 15265.3 1583.2
11.1734 16946 15265.3 1680.7
11.1791 17067.5 15265.3 1802.2
11.1847 17195.6 15265.3 1930.3
11.1904 17401.5 15265.3 2136.2
11.1961 17635.1 15265.3 2369.8
11.2017 17908.2 15265.3 2642.9
11.2074 18306 15265.3 3040.7
11.2131 18788.9 15265.3 3523.6
11.2187 19380.4 15265.3 4115.1
11.2244 20137.5 15265.3 4872.2
11.2301 21124 15265.3 5858.7
11.2357 22317.7 15265.3 7052.4
11.2414 23846.8 15265.3 8581.5
11.247 25647.6 15265.3 10382.3
11.2527 27741.2 15265.3 12475.9
11.2584 29950.3 15265.3 14685
11.264 32504.2 15265.3 17238.9
11.2697 35225.4 15265.3 19960.1
11.2754 37811.7 15265.3 22546.4
11.281 39958 15265.3 24692.7
11.2867 41433.4 15265.3 26168.1
11.2923 41913.6 15265.3 26648.3
11.298 41585.4 15265.3 26320.1
11.3037 40386.7 15265.3 25121.4
11.3093 38330.2 15265.3 23064.9
11.315 35885 15265.3 20619.7
11.3207 34123.4 15265.3 18858.1
11.3263 31067.6 15265.3 15802.3
11.332 29103.6 15265.3 13838.3
11.3376 27615.3 15265.3 12350
11.3433 26532 15265.3 11266.7
11.349 26032.8 15265.3 10767.5
11.3546 26314.9 15265.3 11049.6
11.3603 27420 15265.3 12154.7
