2.84636 19119.9 18845.7 274.2
2.85205 19128.3 18845.7 282.6
2.85775 19139.5 18845.7 293.8
2.86344 19146.1 18845.7 300.4
2.86913 19137.7 18845.7 292
2.87482 19126 18845.7 280.3
2.88051 19070.4 18845.7 224.7
2.8862 19163 18845.7 317.3
2.89189 19351.3 18845.7 505.6
2.89759 19692.5 18845.7 846.8
2.90328 20158.5 18845.7 1312.8
2.90897 20351.9 18845.7 1506.2
2.91466 20256.6 18845.7 1410.9
2.92035 19824.6 18845.7 978.9
2.92604 19473.6 18845.7 627.9
2.93173 19191.8 18845.7 346.1
2.93742 19101.2 18845.7 255.5
2.94312 19072.4 18845.7 226.7
2.94881 19032.7 18845.7 187
2.9545 19053 18845.7 207.3
2.96019 18996.4 18845.7 150.7
2.96588 18982.2 18845.7 136.5
2.97157 18955.9 18845.7 110.2
2.97726 18928.3 18845.7 82.6
2.98296 18938 18845.7 92.3
2.98865 18870.5 18845.7 24.8
2.99434 18847.6 18845.7 1.9
3.00003 18840.4 18845.7 -5.3
3.00572 18830.2 18839.1 -8.9
3.01141 18802.3 18832.9 -30.6
3.0171 18836.5 18826.4 10.1
3.02279 18881.2 18819.4 61.8
3.02848 18892.7 18812.6 80.1
3.03418 18871.8 18806.6 65.2
3.03987 18855.6 18800.9 54.7
3.04556 18864.9 18794.9 70
3.05125 18854.7 18788.4 66.3
3.05694 18848.6 18782.3 66.3
3.06263 18900.8 18776.9 123.9
3.06832 18868.5 18771.8 96.7
3.07401 18852.9 18766.3 86.6
3.0797 18855.1 18760.5 94.6
3.0854 18836.7 18755.1 81.6
3.09109 18829.8 18750.5 79.3
3.09678 18836.3 18746 90.3
3.10247 18750.5 18741.2 9.3
3.10816 18820.4 18736.1 84.3
3.11385 18822.8 18731.5 91.3
3.11954 18791.4 18727.7 63.7
3.12523 18781.3 18723.9 57.4
3.13092 18752.6 18719.8 32.8
3.13662 18822 18715.5 106.5
3.14231 18771.4 18711.8 59.6
3.148 18750.9 18708.9 42
3.15369 18734.7 18706 28.7
3.15938 18760.1 18702.6 57.5
3.16507 18738.1 18699.3 38.8
3.17076 18753.5 18696.6 56.9
3.17645 18710.1 18694.6 15.5
3.18214 18805.8 18692.5 113.3
3.18783 18843.5 18690.1 153.4
3.19352 18917.3 18687.8 229.5
3.19922 18941.3 18686.1 255.2
3.20491 18855.7 18685.1 170.6
3.2106 18739.7 18684.1 55.6
3.21629 18691.3 18682.7 8.6
3.22198 18655.1 18681.4 -26.3
3.22767 18673.7 18681 -7.3
3.23336 18711 18681.1 29.9
3.23905 18652.9 18681.1 -28.2
3.24474 18714.3 18680.8 33.5
3.25043 18729.7 18680.7 49
3.25612 18680.5 18681.5 -1
3.26182 18707.6 18682.8 24.8
3.26751 18701.4 18683.9 17.5
3.2732 18696.2 18684.9 11.3
3.27889 18711.2 18686.1 25.1
3.28458 18717.5 18688.2 29.3
3.29027 18702.2 18690.8 11.4
3.29596 18735.7 18693.2 42.5
3.30165 18656.6 18695.4 -38.8
3.30734 18656.3 18698.1 -41.8
3.31303 18699.8 18701.6 -1.8
3.31872 18731.3 18705.5 25.8
3.32441 18731.1 18709.3 21.8
3.3301 18711.1 18713 -1.9
3.3358 18717.4 18717.2 0.2
3.34149 18737.4 18722.2 15.2
3.34718 18719.1 18727.6 -8.5
3.35287 18751.4 18733 18.4
3.35856 18767.2 18738.5 28.7
3.36425 18776.2 18744.7 31.5
3.36994 18775.4 18751.7 23.7
3.37563 18865.7 18759.3 106.4
3.38132 18868.6 18766.8 101.8
3.38701 18983.8 18774.4 209.4
3.3927 19141.2 18782.7 358.5
3.39839 19454.4 18791.9 662.5
3.40408 19796.8 18801.5 995.3
3.40977 20158.7 18811.1 1347.6
3.41546 20326.2 18820.8 1505.4
3.42115 20166.3 18831.2 1335.1
3.42685 19890.6 18842.4 1048.2
3.43254 19525.3 18854 671.3
3.43823 19253.6 18865.6 388
3.44392 19063.9 18877.4 186.5
3.44961 18949.6 18889.8 59.8
3.4553 18967.7 18903.1 64.6
3.46099 18899.7 18916.7 -17
3.46668 18874.1 18930.3 -56.2
3.47237 18909.2 18944.1 -34.9
3.47806 18899.2 18958.5 -59.3
3.48375 18913.7 18973.8 -60.1
3.48944 18908.2 18989.4 -81.2
3.49513 18921.6 19005 -83.4
3.50082 18962.7 19020.8 -58.1
3.50651 18999.9 19037.3 -37.4
3.5122 18927.5 19054.6 -127.1
3.51789 19011.2 19072.3 -61.1
3.52358 18972.5 19090 -117.5
3.52927 19013.9 19107.9 -94
3.53496 19056.6 19126.5 -69.9
3.54065 19071.6 19146 -74.4
3.54634 19068.2 19165.9 -97.7
3.55203 19134.3 19185.8 -51.5
3.55773 19169 19206 -37
3.56342 19215.2 19226.9 -11.7
3.56911 19251.9 19248.6 3.3
3.5748 19284.6 19271 13.6
3.58049 19297.5 19293.4 4.1
3.58618 19331.1 19316.1 15
3.59187 19368.2 19339.5 28.7
3.59756 19357.7 19364 -6.3
3.60325 19366.4 19389.2 -22.8
3.60894 19421.7 19414.5 7.2
3.61463 19424.3 19440.1 -15.8
3.62032 19493 19466.6 26.4
3.62601 19494.5 19494.4 0.1
3.6317 19562.5 19523.1 39.4
3.63739 19540.7 19552.1 -11.4
3.64308 19571 19581.3 -10.3
3.64877 19645.3 19611.8 33.5
3.65446 19722.7 19643.9 78.8
3.66015 19739.7 19677.2 62.5
3.66584 19800.1 19711 89.1
3.67153 19817.8 19745.2 72.6
3.67722 19918 19781.1 136.9
3.68291 19995.3 19819.3 176
3.6886 20068.9 19859.1 209.8
3.69429 20135.3 19899.7 235.6
3.69998 20143.1 19941.3 201.8
3.70567 20203.7 19985.3 218.4
3.71136 20262.2 20032.6 229.6
3.71705 20316.7 20082.5 234.2
3.72274 20428.7 20133.8 294.9
3.72843 20561.4 20187 374.4
3.73412 20668.3 20244.2 424.1
3.73981 20851.8 20306.5 545.3
3.7455 21142.9 20374 768.9
3.75119 21613.2 20452.6 1160.6
3.75688 22360.2 20555.2 1805
3.76257 22984.9 20681.1 2303.8
3.76826 23386 20827.1 2558.9
3.77395 23401.5 20987.3 2414.2
3.77964 22943 21155.7 1787.3
3.78533 22592.2 21329.4 1262.8
3.79102 22396.7 21510.7 886
3.79671 22476.7 21700.7 776
3.8024 22645.1 21887 758.1
3.80809 22895.3 22087.7 807.6
3.81378 23180.5 22310.2 870.3
3.81947 23510.4 22563.5 946.9
3.82516 23751.6 22855.4 896.2
3.83085 24211.1 23192.4 1018.7
3.83654 24769.4 23584.6 1184.8
3.84223 25379.6 24050.8 1328.8
3.84792 26060.8 24618.9 1441.9
3.85361 26858.5 25322.8 1535.7
3.8593 27801.5 26205.7 1595.8
3.86499 29330.8 27334.9 1995.9
3.87068 31088 28821.3 2266.7
3.87637 33444.1 30842.2 2601.9
3.88206 36571.6 33682.1 2889.5
3.88775 40225.1 37820.5 2404.6
3.89344 47333.5 44114.6 3218.9
3.89913 58356.7 54140.4 4216.3
3.90482 76568.5 70788.1 5780.4
3.91051 106447 99164.1 7282.9
3.9162 146569 147436 -867
3.92189 219417 225999 -6582
3.92758 338269 341632 -3363
3.93326 486993 484470 2523
3.93895 621555 615557 5998
3.94464 676344 676267 77
3.95033 634835 629894 4941
3.95602 530334 499154 31180
3.96171 356720 347777 8943
3.9674 222539 225892 -3353
3.97309 139491 146074 -6583
3.97878 93299.1 98863.6 -5564.5
3.98447 70531.5 71682 -1150.5
3.99016 53716.2 55762 -2045.8
3.99585 44532.9 46087.2 -1554.3
4.00154 39077 39943.8 -866.8
4.00723 35579.2 35864.4 -285.2
4.01292 33789 33042.6 746.4
4.01861 32400.7 31028.8 1371.9
4.0243 31223.3 29559.1 1664.2
4.02999 30322 28461.4 1860.6
4.03568 29335.7 27616.9 1718.8
4.04137 28330.8 26951.7 1379.1
4.04706 27739 26426.2 1312.8
4.05275 26957.1 26014.9 942.2
4.05843 26425.6 25690.2 735.4
4.06412 26039.9 25423.8 616.1
4.06981 25750.6 25200.1 550.5
4.0755 25755.7 25018.1 737.6
4.08119 25701.4 24877.7 823.7
4.08688 25604.4 24768.9 835.5
4.09257 25488.2 24676 812.2
4.09826 25256.8 24591.4 665.4
4.10395 25034.2 24522.1 512.1
4.10964 24964.7 24474.7 490
4.11533 24902.9 24444.4 458.5
4.12102 24849.5 24422.8 426.7
4.12671 24832.1 24411.2 420.9
4.1324 24829 24421 408
4.13809 24959 24460.6 498.4
4.14377 25004.5 24526.9 477.6
4.14946 25105 24614.8 490.2
4.15515 25245.3 24730.7 514.6
4.16084 25289.3 24891.1 398.2
4.16653 25475.7 25108.5 367.2
4.17222 25902.3 25385.1 517.2
4.17791 26158.9 25725 433.9
4.1836 26520.4 26144.3 376.1
4.18929 26821.3 26655.1 166.2
4.19498 27186.8 27270.2 -83.4
4.20067 27962.1 28031.3 -69.2
4.20636 28726.6 29006.9 -280.3
4.21204 29677.6 30318.5 -640.9
4.21773 30770.5 32162.1 -1391.6
4.22342 32243.1 34845.5 -2602.4
4.22911 34600.3 38899.7 -4299.4
4.2348 38889.2 45343.5 -6454.3
4.24049 46629.9 56232.3 -9602.4
4.24618 62420.7 75751.9 -13331.2
4.25187 95966.5 112132 -16165.5
4.25756 159135 179582 -20447
4.26325 287388 295876 -8488
4.26894 507183 467004 40179
4.27462 740282 657912 82370
4.28031 847487 780899 66588
4.286 725753 751847 -26094
4.29169 629222 583031 46191
4.29738 400150 379544 20606
4.30307 231398 228760 2638
4.30876 139049 143883 -4834
4.31445 95572.2 101558 -5985.8
4.32014 74462.4 80170.8 -5708.4
4.32582 64771.5 68207.4 -3435.9
4.33151 57949.8 61144.5 -3194.7
4.3372 54457.2 56932.7 -2475.5
4.34289 53163.6 54321 -1157.4
4.34858 51608.3 52651.9 -1043.6
4.35427 52494 51591 903
4.35996 52596.8 50974.7 1622.1
4.36565 52247.8 50704.4 1543.4
4.37133 52633.6 50703.1 1930.5
4.37702 52471.9 50931.6 1540.3
4.38271 53441.6 51412.3 2029.3
4.3884 54619.3 52213.8 2405.5
4.39409 56009.8 53413.1 2596.7
4.39978 58135 55092.4 3042.6
4.40547 60466.7 57390.6 3076.1
4.41116 63080.4 60514 2566.4
4.41684 68426.8 64783.8 3643
4.42253 75717.3 70816.3 4901
4.42822 85869.5 79681 6188.5
4.43391 100660 93235.7 7424.3
4.4396 121367 114870 6497
4.44529 154728 150822 3906
4.45098 214545 212433 2112
4.45667 322364 319214 3150
4.46235 504734 500192 4542
4.46804 780818 785779 -4961
4.47373 1.12778e+06 1.17912e+06 -51340
4.47942 1.59683e+06 1.61072e+06 -13890
4.48511 1.97282e+06 1.92283e+06 49990
4.4908 1.99889e+06 1.95057e+06 48320
4.49649 1.68127e+06 1.66649e+06 14780
4.50217 1.2347e+06 1.21912e+06 15580
4.50786 845904 798082 47822
4.51355 495856 497473 -1617
4.51924 295405 313252 -17847
4.52493 188481 206977 -18496
4.53062 130677 145574 -14897
4.5363 98605 108882 -10277
4.54199 77116.5 85915.7 -8799.2
4.54768 62558 70809.1 -8251.1
4.55337 53278.4 60393.1 -7114.7
4.55906 47000.9 52918.7 -5917.8
4.56475 42677.9 47379.7 -4701.8
4.57043 39582.8 43148.9 -3566.1
4.57612 36554.4 39814.1 -3259.7
4.58181 34133.3 37113.2 -2979.9
4.5875 32225.1 34891.5 -2666.4
4.59319 30719.9 33047.4 -2327.5
4.59888 29450.2 31492.8 -2042.6
4.60456 28369.5 30149.6 -1780.1
4.61025 27251.3 28967.2 -1715.9
4.61594 26438.3 27920.6 -1482.3
4.62163 25638.3 26991.6 -1353.3
4.62732 24951.2 26155.7 -1204.5
4.63301 24410.6 25384.5 -973.9
4.63869 23841.5 24663.8 -822.3
4.64438 23237.3 23996.7 -759.4
4.65007 22760.6 23386.8 -626.2
4.65576 22330 22824.3 -494.3
4.66145 21988.2 22293.5 -305.3
4.66713 21629.1 21789.7 -160.6
4.67282 21278.4 21320.9 -42.5
4.67851 20926.8 20893.1 33.7
4.6842 20671.3 20499.9 171.4
4.68989 20413.7 20130.9 282.8
4.69558 20185.2 19785.3 399.9
4.70126 20031.5 19472.1 559.4
4.70695 19873.4 19196.9 676.5
4.71264 19720.8 18954.7 766.1
4.71833 19389.6 18737.9 651.7
4.72402 19145.5 18547.4 598.1
4.7297 18843.8 18382.9 460.9
4.73539 18607.1 18236.2 370.9
4.74108 18413.3 18097.4 315.9
4.74677 18232.2 17959.2 273
4.75246 18023.9 17822.8 201.1
4.75814 17912 17694.8 217.2
4.76383 17800.1 17577.5 222.6
4.76952 17673.3 17464.8 208.5
4.77521 17513 17351.2 161.8
4.78089 17451.6 17238.6 213
4.78658 17312.2 17133.2 179
4.79227 17202.5 17035.9 166.6
4.79796 17060.2 16941.3 118.9
4.80365 16982.6 16853.7 128.9
4.80933 16867.5 16765.7 101.8
4.81502 16744 16676.4 67.6
4.82071 16660 16593.7 66.3
4.8264 16584.9 16512.2 72.7
4.83208 16489.2 16428.6 60.6
4.83777 16401 16346.1 54.9
4.84346 16297.3 16269.4 27.9
4.84915 16232.3 16197.7 34.6
4.85484 16154.2 16126.3 27.9
4.86052 16089.1 16052.8 36.3
4.86621 16015.3 15980.6 34.7
4.8719 15926.6 15913.8 12.8
4.87759 15877 15850.9 26.1
4.88327 15774 15787.5 -13.5
4.88896 15733.4 15722.2 11.2
4.89465 15725.9 15658.6 67.3
4.90034 15627 15599.8 27.2
4.90602 15552.2 15544.1 8.1
4.91171 15490.3 15487.3 3
4.9174 15434.4 15429 5.4
4.92309 15352.8 15372.6 -19.8
4.92877 15347.7 15320.6 27.1
4.93446 15271.6 15270.9 0.7
4.94015 15233.2 15219.8 13.4
4.94584 15170.9 15167.5 3.4
4.95152 15120.6 15117.4 3.2
4.95721 15016 15071.3 -55.3
4.9629 15008.4 15026.7 -18.3
4.96859 14986.5 14980.5 6
4.97427 14926.1 14933.5 -7.4
4.97996 14898.6 14889 9.6
4.98565 14870.8 14848 22.8
4.99134 14788 14807.9 -19.9
4.99702 14763.6 14766.2 -2.6
5.00271 14774.4 14724.1 50.3
5.0084 14715.2 14684.5 30.7
5.01409 14679.2 14648.1 31.1
5.01977 14661.1 14612 49.1
5.02546 14577.1 14574.3 2.8
5.03115 14518.1 14536.6 -18.5
5.03684 14561.1 14501.6 59.5
5.04252 14515.2 14469.3 45.9
5.04821 14490.8 14436.8 54
5.0539 14486.4 14402.9 83.5
5.05958 14485 14369.3 115.7
5.06527 14507.8 14338.5 169.3
5.07096 14508.1 14309.8 198.3
5.07665 14534.5 14280.7 253.8
5.08233 14577.9 14250.2 327.7
5.08802 14600.3 14220.5 379.8
5.09371 14523.2 14193.5 329.7
5.09939 14439.6 14168.2 271.4
5.10508 14333.1 14142.2 190.9
5.11077 14267.6 14115.1 152.5
5.11646 14216.5 14089 127.5
5.12214 14127 14065.5 61.5
5.12783 14140.5 14043.3 97.2
5.13352 14081.9 14020.2 61.7
5.1392 14089.3 13996.3 93
5.14489 14020.6 13973.7 46.9
5.15058 14028.7 13953.5 75.2
5.15626 14052.9 13934.2 118.7
5.16195 13997.6 13913.8 83.8
5.16764 13970.3 13892.9 77.4
5.17333 13980.3 13873.6 106.7
5.17901 13926.5 13856.5 70
5.1847 13907.8 13839.8 68
5.19039 13938.7 13822.1 116.6
5.19607 13949.6 13804.1 145.5
5.20176 13931.8 13787.9 143.9
5.20745 13967.2 13773.7 193.5
5.21313 14016.4 13759.6 256.8
5.21882 14021 13744.4 276.6
5.22451 14006.1 13729.3 276.8
5.23019 13939.2 13716 223.2
5.23588 13849.3 13704.5 144.8
5.24157 13876.4 13692.8 183.6
5.24725 13785 13680.1 104.9
5.25294 13795.7 13667.7 128
5.25863 13769.3 13657.3 112
5.26431 13731.7 13648.4 83.3
5.27 13727.5 13639 88.5
5.27569 13720.8 13628.6 92.2
5.28137 13717.9 13619 98.9
5.28706 13738.1 13611.3 126.8
5.29275 13790.4 13604.8 185.6
5.29843 13786.9 13597.6 189.3
5.30412 13857 13589.6 267.4
5.30981 13941.7 13582.6 359.1
5.31549 13953.8 13577.6 376.2
5.32118 14039 13573.5 465.5
5.32687 14067.6 13568.7 498.9
5.33255 14053.6 13563.4 490.2
5.33824 13996.1 13559.3 436.8
5.34393 13932.6 13557.3 375.3
5.34961 13794.5 13555.8 238.7
5.3553 13749.4 13553.5 195.9
5.36099 13659.3 13550.9 108.4
5.36667 13683.5 13549.8 133.7
5.37236 13663.9 13550.6 113.3
5.37805 13660.6 13551.7 108.9
5.38373 13646.5 13551.8 94.7
5.38942 13646.9 13551.9 95
5.3951 13627.9 13553.8 74.1
5.40079 13622.4 13557.4 65
5.40648 13643.1 13561 82.1
5.41216 13618.5 13563.6 54.9
5.41785 13626.8 13566.5 60.3
5.42354 13628.4 13571.4 57
5.42922 13663.6 13577.8 85.8
5.43491 13664.7 13583.9 80.8
5.4406 13688.3 13589 99.3
5.44628 13712.1 13594.9 117.2
5.45197 13788.8 13602.8 186
5.45765 13886.7 13612.1 274.6
5.46334 14024.1 13620.8 403.3
5.46903 14179.7 13628.7 551
5.47471 14320.1 13637.7 682.4
5.4804 14346.9 13648.9 698
5.48608 14220.8 13661.3 559.5
5.49177 14064.5 13672.8 391.7
5.49746 13928 13683.8 244.2
5.50314 13873 13696.3 176.7
5.50883 13832.2 13722.5 109.7
5.51452 13794 13743.5 50.5
5.5202 13817.5 13757.5 60
5.52589 13823.3 13771.2 52.1
5.53157 13861.7 13788 73.7
5.53726 13859.5 13808.1 51.4
5.54295 13870.6 13828 42.6
5.54863 13896.6 13845.9 50.7
5.55432 13901.9 13864.3 37.6
5.56 13935.1 13886.6 48.5
5.56569 13951.4 13912.1 39.3
5.57138 14007.1 13937.2 69.9
5.57706 14051.8 13960.7 91.1
5.58275 14068 13985.6 82.4
5.58843 14077.1 14015.1 62
5.59412 14141.9 14048.3 93.6
5.5998 14212.9 14081.1 131.8
5.60549 14278.9 14113 165.9
5.61118 14297.9 14147.6 150.3
5.61686 14364.4 14188.2 176.2
5.62255 14456.1 14233.3 222.8
5.62823 14502.7 14278.8 223.9
5.63392 14601 14324.7 276.3
5.6396 14704.5 14375.7 328.8
5.64529 14788.1 14435.3 352.8
5.65098 14912.1 14501.4 410.7
5.65666 14948.6 14570.2 378.4
5.66235 15027.3 14642.9 384.4
5.66803 15159.6 14725.5 434.1
5.67372 15279.6 14822.2 457.4
5.6794 15474.6 14931.2 543.4
5.68509 15620.9 15049.9 571
5.69078 15800.9 15181.9 619
5.69646 16067.4 15336.4 731
5.70215 16316.8 15520.4 796.4
5.70783 16587.5 15735.6 851.9
5.71352 16879.1 15984.7 894.4
5.7192 17141 16279.5 861.5
5.72489 17495.4 16641.4 854
5.73057 18006.9 17092.9 914
5.73626 18645 17657.7 987.3
5.74195 19404.7 18372.2 1032.5
5.74763 20386.1 19301.6 1084.5
5.75332 21564.3 20551.6 1012.7
5.759 23281.1 22281.8 999.3
5.76469 25839.7 24744.8 1094.9
5.77037 29823.3 28377 1446.3
5.77606 35993.8 33962.4 2031.4
5.78174 45111 42917.6 2193.4
5.78743 59860.5 57794.8 2065.7
5.79311 86849.8 82925.1 3924.7
5.7988 133322 124720 8602
5.80448 202759 189707 13052
5.81017 289020 277658 11362
5.81585 360808 371071 -10263
5.82154 416414 433214 -16800
5.82722 410490 429982 -19492
5.83291 341516 361983 -20467
5.8386 254490 265598 -11108
5.84428 180782 178880 1902
5.84997 127211 117523 9688
5.85565 88663.5 79199.8 9463.7
5.86134 62974.9 56374.8 6600.1
5.86702 47813.8 42773.5 5040.3
5.87271 38711 34464.1 4246.9
5.87839 33201.1 29203 3998.1
5.88408 29304.8 25734.3 3570.5
5.88976 26232.8 23355.6 2877.2
5.89545 24131.7 21670.8 2460.9
5.90113 22568.2 20447.1 2121.1
5.90682 21448.1 19535.8 1912.3
5.9125 20572.8 18837.2 1735.6
5.91819 19924.5 18287.9 1636.6
5.92387 19276.7 17851.8 1424.9
5.92956 18716.2 17505.6 1210.6
5.93524 18327.6 17227.6 1100
5.94093 17925.8 16997.9 927.9
5.94661 17667.9 16803.7 864.2
5.9523 17374 16641.3 732.7
5.95798 17146.7 16508.5 638.2
5.96366 16961.9 16399.4 562.5
5.96935 16703.5 16305.4 398.1
5.97503 16646 16226.2 419.8
5.98072 16511.3 16134.7 376.6
5.9864 16416.3 16077.6 338.7
5.99209 16286.4 16032 254.4
5.99777 16221.2 15991.4 229.8
6.00346 16144.9 15953.3 191.6
6.00914 16049.7 15921 128.7
6.01483 16039.2 15897.5 141.7
6.02051 16005.4 15880.3 125.1
6.0262 15952.3 15864.5 87.8
6.03188 15929.1 15846.1 83
6.03757 15875.4 15847.4 28
6.04325 15885.9 15840.9 45
6.04894 15888.9 15838.4 50.5
6.05462 15879.2 15835.6 43.6
6.0603 15874.7 15829.4 45.3
6.06599 15915.8 15830.9 84.9
6.07167 15957.5 15870.6 86.9
6.07736 15985.1 15941.6 43.5
6.08304 16002.8 16034 -31.2
6.08873 16029.2 16141.4 -112.2
6.09441 16104.1 16261 -156.9
6.1001 16247.1 16388.5 -141.4
6.10578 16172.2 16515.7 -343.5
6.11146 16285.6 16632.9 -347.3
6.11715 16417.5 16734.1 -316.6
6.12283 16467.4 16816.6 -349.2
6.12852 16537 16875.7 -338.7
6.1342 16467.7 16900.9 -433.2
6.13989 16459.4 16890.1 -430.7
6.14557 16407.3 16862.2 -454.9
6.15125 16330.2 16830.2 -500
6.15694 16317 16783.5 -466.5
6.16262 16277.2 16727.1 -449.9
6.16831 16244.9 16659.7 -414.8
6.17399 16246.7 16583.5 -336.8
6.17968 16204 16502.9 -298.9
6.18536 16150 16420.2 -270.2
6.19104 16131.2 16334.1 -202.9
6.19673 16047.4 16243.7 -196.3
6.20241 16054.2 16151.4 -97.2
6.2081 15976 16061.6 -85.6
6.21378 15934.7 15976.1 -41.4
6.21946 15897.7 15893.7 4
6.22515 15843.7 15813.7 30
6.23083 15780.9 15739 41.9
6.23652 15741.5 15673.6 67.9
6.2422 15671.6 15619.1 52.5
6.24788 15627.2 15574.6 52.6
6.25357 15575.3 15539.5 35.8
6.25925 15529.9 15505.9 24
6.26494 15495 15474.9 20.1
6.27062 15442.3 15446.4 -4.1
6.2763 15421.8 15417.9 3.9
6.28199 15428.3 15387.9 40.4
6.28767 15400.2 15358.5 41.7
6.29336 15371.4 15332 39.4
6.29904 15343.2 15308 35.2
6.30472 15298.5 15283.9 14.6
6.31041 15246.1 15258.8 -12.7
6.31609 15234.4 15237.8 -3.4
6.32177 15182.4 15196.6 -14.2
6.32746 15153.5 15179.1 -25.6
6.33314 15138.3 15161.8 -23.5
6.33883 15114.2 15142.5 -28.3
6.34451 15079.3 15124.2 -44.9
6.35019 15066.4 15110.3 -43.9
6.35588 15091.3 15100.2 -8.9
6.36156 15049.3 15090.1 -40.8
6.36724 15068.1 15078.5 -10.4
6.37293 15077.8 15068.7 9.1
6.37861 15062.9 15063.6 -0.7
6.38429 15065.2 15062.4 2.8
6.38998 15094.9 15061.1 33.8
6.39566 15099.5 15058.8 40.7
6.40135 15109.3 15058.8 50.5
6.40703 15090.6 15064 26.6
6.41271 15119.5 15072.9 46.6
6.4184 15125.1 15081.7 43.4
6.42408 15155.5 15090 65.5
6.42976 15169.5 15101.2 68.3
6.43545 15187.4 15118.1 69.3
6.44113 15188.2 15138.7 49.5
6.44681 15217.4 15159.2 58.2
6.4525 15219.7 15179.7 40
6.45818 15263.5 15203.6 59.9
6.46386 15283.3 15233.1 50.2
6.46955 15317.5 15265.6 51.9
6.47523 15312.7 15297.4 15.3
6.48091 15337.8 15329.1 8.7
6.4866 15407.3 15364.4 42.9
6.49228 15429.6 15405 24.6
6.49796 15469.1 15448 21.1
6.50365 15483.3 15489.9 -6.6
6.50933 15531.3 15531.9 -0.6
6.51501 15556.7 15577.6 -20.9
6.52069 15612.1 15636.5 -24.4
6.52638 15667.6 15631.3 36.3
6.53206 15691.7 15684 7.7
6.53774 15778.8 15739.5 39.3
6.54343 15790.7 15795.8 -5.1
6.54911 15905.6 15854.7 50.9
6.55479 15943 15916 27
6.56048 16008.4 15978.8 29.6
6.56616 16068.8 16043.4 25.4
6.57184 16156 16110.4 45.6
6.57753 16204.3 16180.6 23.7
6.58321 16296.9 16253.5 43.4
6.58889 16385.7 16328.7 57
6.59457 16462.7 16406.3 56.4
6.60026 16560.4 16487.4 73
6.60594 16628.3 16572.8 55.5
6.61162 16735.9 16662.1 73.8
6.61731 16884.8 16755 129.8
6.62299 16986.7 16852.2 134.5
6.62867 17180.6 16955.1 225.5
6.63435 17372.7 17064.7 308
6.64004 17502.9 17181.3 321.6
6.64572 17741 17305.1 435.9
6.6514 17910.7 17437.6 473.1
6.65708 18095.8 17581.2 514.6
6.66277 18289.6 17738.1 551.5
6.66845 18483.4 17909.7 573.7
6.67413 18708.9 18098.3 610.6
6.67982 19009.5 18307.7 701.8
6.6855 19381.6 18543.3 838.3
6.69118 19753 18810.8 942.2
6.69686 20209.5 19116.5 1093
6.70255 20706.2 19469 1237.2
6.70823 21231.4 19881 1350.4
6.71391 21882.2 20369.3 1512.9
6.71959 22770.5 20955.6 1814.9
6.72528 23856 21668 2188
6.73096 25086.4 22546.2 2540.2
6.73664 26567.4 23647.1 2920.3
6.74232 28400.4 25051.7 3348.7
6.74801 30804.6 26875 3929.6
6.75369 34030.5 29283.5 4747
6.75937 38133.8 32522.4 5611.4
6.76505 43346.4 36955 6391.4
6.77074 49430.3 43115.7 6314.6
6.77642 58585.4 51777.8 6807.6
6.7821 71883.3 64040.3 7843
6.78778 89930.2 81375 8555.2
6.79346 114223 105606 8617
6.79915 146234 138662 7572
6.80483 184228 181944 2284
6.81051 233236 235241 -2005
6.81619 292402 295318 -2916
6.82188 352003 354981 -2978
6.82756 398277 403704 -5427
6.83324 420400 430550 -10150
6.83892 415807 428571 -12764
6.8446 385254 398147 -12893
6.85029 334810 346966 -12156
6.85597 279362 286341 -6979
6.86165 225897 226707 -810
6.86733 181153 174795 6358
6.87301 143831 133273 10558
6.8787 110461 101912 8549
6.88438 85432.5 79069.4 6363.1
6.89006 67259 62758.2 4500.8
6.89574 54750.6 51192.7 3557.9
6.90142 45671 42972.5 2698.5
6.90711 39165.2 37078.6 2086.6
6.91279 34034.8 32795.3 1239.5
6.91847 30462.2 29631.6 830.6
6.92415 27737.3 27251.9 485.4
6.92983 25821.8 25428.2 393.6
6.93551 24440.1 24006.4 433.7
6.9412 23186.2 22879.9 306.3
6.94688 22233.7 21974.6 259.1
6.95256 21455.7 21231.9 223.8
6.95824 20779.5 20614.3 165.2
6.96392 20364 20095 269
6.96961 19968.3 19654.6 313.7
6.97529 19583 19276.7 306.3
6.98097 19285 18947.7 337.3
6.98665 18956.4 18658.1 298.3
6.99233 18770.9 18402.3 368.6
6.99801 18560.1 18176.2 383.9
7.00369 18357.1 17974.3 382.8
7.00938 18193.1 17791.6 401.5
7.01506 18034.5 17625 409.5
7.02074 17950.2 17474.1 476.1
7.02642 17847.9 17337.9 510
7.0321 17710.7 17214 496.7
7.03778 17646.8 17099.4 547.4
7.04347 17527.7 16993.3 534.4
7.04915 17387.9 16896.5 491.4
7.05483 17237.4 16809.1 428.3
7.06051 17092.6 16729.4 363.2
7.06619 17049.5 16655.3 394.2
7.07187 16975.4 16586.7 388.7
7.07755 16918.6 16525.1 393.5
7.08323 16845.8 16470.9 374.9
7.08892 16841.7 16422.3 419.4
7.0946 16788.5 16377.8 410.7
7.10028 16773.5 16337.9 435.6
7.10596 16770.4 16304.3 466.1
7.11164 16786.1 16277.3 508.8
7.11732 16785 16254.9 530.1
7.123 16833.4 16235.6 597.8
7.12868 16833 16220 613
7.13437 16869.1 16209.8 659.3
7.14005 16908.5 16204.9 703.6
7.14573 16952.3 16203.4 748.9
7.15141 16975.9 16203.9 772
7.15709 17083.9 16207.4 876.5
7.16277 17118.7 16215.5 903.2
7.16845 17111.8 16228.1 883.7
7.17413 17072.7 16242.9 829.8
7.17981 17009.7 16258.9 750.8
7.18549 17007.3 16277.2 730.1
7.19118 16975.2 16299.7 675.5
7.19686 16919.9 16325.6 594.3
7.20254 16880.3 16353 527.3
7.20822 16897 16380.8 516.2
7.2139 16813.3 16410.5 402.8
7.21958 16816.3 16444 372.3
7.22526 16776.6 16480.4 296.2
7.23094 16754.8 16517.5 237.3
7.23662 16767.2 16554.8 212.4
7.2423 16781.9 16593.9 188
7.24798 16796.5 16636.6 159.9
7.25366 16834.4 16681.9 152.5
7.25935 16897.5 16727.5 170
7.26503 16983.6 16773.1 210.5
7.27071 17031.9 16820.7 211.2
7.27639 17065 16871.9 193.1
7.28207 17118 16925.6 192.4
7.28775 17165.7 16979.3 186.4
7.29343 17184.5 17033.1 151.4
7.29911 17230 17089.4 140.6
7.30479 17300.8 17149.7 151.1
7.31047 17346.5 17212.6 133.9
7.31615 17393.6 17275.9 117.7
7.32183 17500.9 17340 160.9
7.32751 17532.5 17407.9 124.6
7.33319 17603.5 17481.2 122.3
7.33887 17716 17558.4 157.6
7.34455 17789.3 17637.8 151.5
7.35023 17934.1 17720.3 213.8
7.35591 18040.9 17809.9 231
7.36159 18183.1 17908.4 274.7
7.36727 18334 18016.7 317.3
7.37295 18514.2 18134.6 379.6
7.37863 18703.6 18265 438.6
7.38432 18958.4 18413.3 545.1
7.39 19198.4 18583.3 615.1
7.39568 19439.9 18775.7 664.2
7.40136 19741.2 18995 746.2
7.40704 20049.4 19243.2 806.2
7.41272 20506 19533.7 972.3
7.4184 20940.1 19876.9 1063.2
7.42408 21417.4 20282.4 1135
7.42976 21976.2 20764.4 1211.8
7.43544 22728.4 21347.8 1380.6
7.44112 23519.1 22069.1 1450
7.4468 24627.4 22975.1 1652.3
7.45248 25860.4 24128.5 1731.9
7.45816 27275.2 25623.8 1651.4
7.46384 29244.4 27611.7 1632.7
7.46952 32056.9 30326.7 1730.2
7.4752 35786.4 34132.8 1653.6
7.48088 41203.6 39609.6 1594
7.48656 48568.8 47701.5 867.3
7.49224 59549.6 59944.8 -395.2
7.49792 78900.3 78780.4 119.9
7.5036 109434 107816 1618
7.50928 156516 151780 4736
7.51496 223569 215355 8214
7.52063 304161 299907 4254
7.52631 399574 398110 1464
7.53199 491054 489815 1239
7.53767 539884 546071 -6187
7.54335 528451 544225 -15774
7.54903 471297 484235 -12938
7.55471 387383 389477 -2094
7.56039 290910 290262 648
7.56607 208526 206957 1569
7.57175 147827 145843 1984
7.57743 107192 104375 2817
7.58311 81582 77270.9 4311.1
7.58879 63454.3 59724.2 3730.1
7.59447 50570.6 48261.7 2308.9
7.60015 42618.4 40622.5 1995.9
7.60583 37239.3 35401 1838.3
7.61151 33552.9 31736.6 1816.3
7.61719 30992 29099.6 1892.4
7.62287 28769 27154.8 1614.2
7.62855 27052.9 25684.3 1368.6
7.63423 25795.8 24547 1248.8
7.6399 24784.6 23652 1132.6
7.64558 23972.1 22938.3 1033.8
7.65126 23338.9 22361 977.9
7.65694 22681.3 21885.3 796
7.66262 22159 21486.8 672.2
7.6683 21717.3 21150.5 566.8
7.67398 21322.7 20865.7 457
7.67966 21041.5 20622.3 419.2
7.68534 20764 20410.7 353.3
7.69102 20455 20223.9 231.1
7.6967 20221.9 20059.1 162.8
7.70238 20082 19915.6 166.4
7.70806 19880.5 19790.7 89.8
7.71373 19766.4 19680.4 86
7.71941 19617.6 19582.2 35.4
7.72509 19533.9 19496.2 37.7
7.73077 19420.3 19422.8 -2.5
7.73645 19388.6 19361 27.6
7.74213 19273.8 19308.9 -35.1
7.74781 19245.3 19266.1 -20.8
7.75349 19225.1 19234 -8.9
7.75917 19205.9 19214.4 -8.5
7.76484 19216.6 19208.1 8.5
7.77052 19259.8 19215.9 43.9
7.7762 19360.2 19240.1 120.1
7.78188 19442.9 19285.6 157.3
7.78756 19588.8 19358.9 229.9
7.79324 19826.4 19467.4 359
7.79892 20086.6 19621.8 464.8
7.8046 20418.7 19838.7 580
7.81027 20834 20143.2 690.8
7.81595 21328 20571.5 756.5
7.82163 22014.5 21173.2 841.3
7.82731 22953.5 22015.5 938
7.83299 24124 23184.9 939.1
7.83867 25627.4 24782.6 844.8
7.84435 27438.2 26907.4 530.8
7.85002 29596 29628.1 -32.1
7.8557 32426.4 32945.6 -519.2
7.86138 35923.7 36734.6 -810.9
7.86706 39590.9 40773.3 -1182.4
7.87274 43323.1 44666.7 -1343.6
7.87842 46656.9 47948.6 -1291.7
7.8841 49412.8 50162.7 -749.9
7.88977 51439.1 50975.1 464
7.89545 51318.8 50263 1055.8
7.90113 49012.9 48150.9 862
7.90681 45372.9 44977.2 395.7
7.91249 40919.5 41201.8 -282.3
7.91817 37189.2 37296.8 -107.6
7.92384 32811.3 33651.7 -840.4
7.92952 29391 30522 -1131
7.9352 26939 28023.7 -1084.7
7.94088 25402.9 26164.1 -761.2
7.94656 24435.3 24886.8 -451.5
7.95223 24306 24111 195
7.95791 24330.3 23761.1 569.2
7.96359 24713.6 23784.4 929.2
7.96927 25399.6 24161.5 1238.1
7.97495 26401.7 24912.1 1489.6
7.98062 27576.7 26100.3 1476.4
7.9863 29825 27846.2 1978.8
7.99198 32576.5 30345.4 2231.1
7.99766 36251.5 33900.4 2351.1
8.00334 41142.1 38963.6 2178.5
8.00901 47440.2 46192.3 1247.9
8.01469 55329.1 56497.4 -1168.3
8.02037 69259.1 71065.1 -1806
8.02605 87747 91268.5 -3521.5
8.03173 112836 118365 -5529
8.0374 145281 152874 -7593
8.04308 181467 193618 -12151
8.04876 222795 236814 -14019
8.05444 274622 275889 -1267
8.06012 311937 302815 9122
8.06579 325936 310957 14979
8.07147 309328 298118 11210
8.07715 268533 267725 808
8.08283 230188 227161 3027
8.0885 184689 184532 157
8.09418 140758 145945 -5187
8.09986 107724 114537 -6813
8.10554 85353.7 90963.3 -5609.6
8.11121 69978.6 74494.6 -4516
8.11689 62358.3 63940.6 -1582.3
8.12257 56348 58195.2 -1847.2
8.12825 54594.6 56455.6 -1861
8.13392 56207.5 58239 -2031.5
8.1396 60851.6 63279.9 -2428.3
8.14528 68313.1 71364.2 -3051.1
8.15096 77718.7 82113.5 -4394.8
8.15663 90322.1 94744.7 -4422.6
8.16231 105259 107939 -2680
8.16799 119870 119859 11
8.17366 131614 128458 3156
8.17934 138085 132013 6072
8.18502 136687 129679 7008
8.1907 128159 121794 6365
8.19637 113579 109746 3833
8.20205 96104.2 95484.3 619.9
8.20773 79239.9 80911.6 -1671.7
8.21341 65005 67453.8 -2448.8
8.21908 52950.3 55910.8 -2960.5
8.22476 43199.2 46534.8 -3335.6
8.23044 36347.6 39208.7 -2861.1
8.23611 31374 33629.6 -2255.6
8.24179 27794.7 29444.4 -1649.7
8.24747 25320.8 26324.8 -1004
8.25314 23405.3 23998.6 -593.3
8.25882 21930.9 22254.6 -323.7
8.2645 20734.6 20933.3 -198.7
8.27018 19878.8 19918.7 -39.9
8.27585 19196.2 19127.9 68.3
8.28153 18711.2 18502.3 208.9
8.28721 18286.9 18000 286.9
8.29288 17952.7 17590.3 362.4
8.29856 17605.7 17250.5 355.2
8.30424 17321.6 16964.6 357
8.30991 17090.4 16721.4 369
8.31559 16906 16512.3 393.7
8.32127 16735.1 16330.3 404.8
8.32694 16571.9 16169.8 402.1
8.33262 16423.6 16027 396.6
8.3383 16280.9 15899.2 381.7
8.34397 16155 15784.5 370.5
8.34965 16061.3 15680.4 380.9
8.35533 15945.5 15585 360.5
8.361 15826.4 15497.2 329.2
8.36668 15752 15416.6 335.4
8.37236 15620.3 15342.5 277.8
8.37803 15579.2 15273.9 305.3
8.38371 15532.6 15210 322.6
8.38938 15458.6 15150.6 308
8.39506 15384.1 15095.7 288.4
8.40074 15334.3 15045.4 288.9
8.40641 15290.3 14998.8 291.5
8.41209 15242.7 14957.9 284.8
8.41777 15199.9 14919 280.9
8.42344 15152.2 14884.6 267.6
8.42912 15115.6 14854.9 260.7
8.4348 15051.3 14829.9 221.4
8.44047 15045.2 14809.8 235.4
8.44615 15021.1 14795.8 225.3
8.45182 14987 14789.2 197.8
8.4575 14975.3 14791.6 183.7
8.46318 14943.4 14805.3 138.1
8.46885 14934 14833.1 100.9
8.47453 14960.6 14880 80.6
8.4802 14962.8 14952.6 10.2
8.48588 15037.6 15060.7 -23.1
8.49156 15141.9 15218.5 -76.6
8.49723 15290.2 15448.2 -158
8.50291 15526.7 15784.3 -257.6
8.50858 15918.6 16279.4 -360.8
8.51426 16462 17012.4 -550.4
8.51994 17483.4 18098.8 -615.4
8.52561 19092.3 19697.6 -605.3
8.53129 21675.7 22003.4 -327.7
8.53696 25163.8 25198.7 -34.9
8.54264 29844.2 29348.3 495.9
8.54832 34406.5 34232.8 173.7
8.55399 40625.5 39198 1427.5
8.55967 44919 43181.3 1737.7
8.56534 46613.1 45063.3 1549.8
8.57102 44874.1 44225.5 648.6
8.57669 40581.8 40924.8 -343
8.58237 35995.3 36149.1 -153.8
8.58804 31744.8 31073.1 671.7
8.59372 27066.8 26556.1 510.7
8.5994 23319.5 22975.2 344.3
8.60507 20701.1 20340.3 360.8
8.61075 18807.9 18485.8 322.1
8.61642 17521.6 17208.7 312.9
8.6221 16662.7 16333.3 329.4
8.62777 15942.2 15737.3 204.9
8.63345 15491.1 15315.1 176
8.63912 15136.6 15014 122.6
8.6448 14919.1 14795 124.1
8.65047 14722.8 14632.5 90.3
8.65615 14598.5 14509.3 89.2
8.66183 14455.3 14413.6 41.7
8.6675 14383.3 14337.9 45.4
8.67318 14327.7 14277.4 50.3
8.67885 14270.4 14228.4 42
8.68453 14197.4 14188.1 9.3
8.6902 14147.9 14154 -6.1
8.69588 14107.4 14125.1 -17.7
8.70155 14093.1 14100.5 -7.4
8.70723 14075.3 14079.7 -4.4
8.7129 14036.4 14061.7 -25.3
8.71858 14035.7 14045.6 -9.9
8.72425 14051.7 14031.3 20.4
8.72993 14019.4 14019 0.4
8.7356 13972.5 14008.4 -35.9
8.74128 13944.8 13998.9 -54.1
8.74695 13934.3 13990.3 -56
8.75263 13886.1 13982.6 -96.5
8.7583 13868.5 13976.1 -107.6
8.76398 13839.8 13970.6 -130.8
8.76965 13849.1 13965.9 -116.8
8.77533 13810.6 13961.7 -151.1
8.781 13773.7 13958.1 -184.4
8.78668 13780.3 13955.6 -175.3
8.79235 13755 13954.2 -199.2
8.79803 13735.8 13953.5 -217.7
8.8037 13770 13953.6 -183.6
8.80937 13773.2 13954.9 -181.7
8.81505 13794.9 13957.8 -162.9
8.82072 13794.7 13962.6 -167.9
8.8264 13856.1 13969.3 -113.2
8.83207 13894.2 13978.4 -84.2
8.83775 13868.9 13990.6 -121.7
8.84342 13920.1 14007.2 -87.1
8.8491 13958.9 14029 -70.1
8.85477 13988.1 14057.3 -69.2
8.86045 14034.9 14093.9 -59
8.86612 14138.4 14145.4 -7
8.87179 14193.1 14188.2 4.9
8.87747 14287.5 14271 16.5
8.88314 14401.4 14379.2 22.2
8.88882 14578.9 14522.6 56.3
8.89449 14786.4 14715 71.4
8.90017 15032.5 14976.3 56.2
8.90584 15467.9 15333.3 134.6
8.91151 15914.5 15823.3 91.2
8.91719 16538.2 16496.8 41.4
8.92286 17332.8 17418.1 -85.3
8.92854 18456.4 18678 -221.6
8.93421 19974.9 20348.2 -373.3
8.93989 22009.2 22515.4 -506.2
8.94556 24442.3 25218.7 -776.4
8.95123 27288.9 28414.3 -1125.4
8.95691 30654.8 31927.6 -1272.8
8.96258 34642.4 35426.7 -784.3
8.96826 38319.1 38447 -127.9
8.97393 41035.5 40489 546.5
8.9796 42209.3 41164.5 1044.8
8.98528 41653.6 40332.3 1321.3
8.99095 39622.8 38152.6 1470.2
8.99663 36041.9 35026.8 1015.1
9.0023 31645.2 31459.5 185.7
9.00797 27382.4 27909.8 -527.4
9.01365 23810.5 24698.6 -888.1
9.01932 21088.2 21988.2 -900
9.02499 18991.8 19812.7 -820.9
9.03067 17338.5 18127.8 -789.3
9.03634 16129.8 16852.1 -722.3
9.04202 15323.8 15898.6 -574.8
9.04769 14746.4 15188.8 -442.4
9.05336 14325.4 14659.1 -333.7
9.05904 14007.7 14260.9 -253.2
9.06471 13749.6 13958.7 -209.1
9.07038 13550.2 13726.5 -176.3
9.07606 13382.5 13545.6 -163.1
9.08173 13284.4 13402.5 -118.1
9.0874 13184.5 13288.1 -103.6
9.09308 13088.9 13195.9 -107
9.09875 13028.7 13121.2 -92.5
9.10442 12999.7 13060.3 -60.6
9.1101 12980.9 13010.4 -29.5
9.11577 12950.2 12969.7 -19.5
9.12144 12931.1 12937.5 -6.4
9.12712 12932.6 12912.1 20.5
9.13279 12911.7 12890.5 21.2
9.13846 12875.5 12871.8 3.7
9.14414 12885.4 12855.8 29.6
9.14981 12822.9 12842.2 -19.3
9.15548 12823.4 12830.9 -7.5
9.16116 12789 12821.2 -32.2
9.16683 12764.5 12812.7 -48.2
9.1725 12749 12805.6 -56.6
9.17818 12734.1 12799.9 -65.8
9.18385 12692 12795.7 -103.7
9.18952 12711.8 12792.4 -80.6
9.1952 12720.8 12789.9 -69.1
9.20087 12718.9 12788.5 -69.6
9.20654 12726 12788.4 -62.4
9.21221 12742 12789.5 -47.5
9.21789 12746.3 12791.4 -45.1
9.22356 12790.7 12794.1 -3.4
9.22923 12792.4 12798 -5.6
9.23491 12814.6 12803.4 11.2
9.24058 12829.2 12810.1 19.1
9.24625 12819.8 12818 1.8
9.25192 12860.2 12827.2 33
9.2576 12888.1 12838.2 49.9
9.26327 12889.9 12851.4 38.5
9.26894 12912.9 12867 45.9
9.27461 12938.6 12884.9 53.7
9.28029 12989.2 12905.7 83.5
9.28596 13022.3 12930.3 92
9.29163 13063.8 12959.7 104.1
9.2973 13092.8 12994.5 98.3
9.30298 13129.5 13035.6 93.9
9.30865 13212.4 13084.9 127.5
9.31432 13286.2 13144.7 141.5
9.31999 13393 13218 175
9.32567 13470.3 13308.5 161.8
9.33134 13604.7 13421.4 183.3
9.33701 13747.8 13564.3 183.5
9.34268 13971.2 13748.4 222.8
9.34836 14235.6 13989.6 246
9.35403 14550.1 14310.7 239.4
9.3597 14997.6 14745.7 251.9
9.36537 15580.7 15345.9 234.8
9.37105 16406 16188.3 217.7
9.37672 17623.4 17385.7 237.7
9.38239 19439.6 19101.7 337.9
9.38806 22073.7 21560.1 513.6
9.39373 25737.8 25042.3 695.5
9.39941 30415.6 29844.3 571.3
9.40508 36807.1 36164.7 642.4
9.41075 44903 43906.3 996.7
9.41642 53466 52438.2 1027.8
9.42209 61159.9 60479.3 680.6
9.42777 66273.3 66319.5 -46.2
9.43344 67569.7 68436.6 -866.9
9.43911 65034.8 66226.7 -1191.9
9.44478 59116.2 60327.8 -1211.6
9.45045 51297.3 52288.8 -991.5
9.45613 43598.7 43816.9 -218.2
9.4618 36448.7 36165.1 283.6
9.46747 30861.5 29932.5 929
9.47314 26380.4 25198 1182.4
9.47881 22838.7 21759.2 1079.5
9.48448 20234.5 19323.7 910.8
9.49016 18369.8 17617.2 752.6
9.49583 17109 16421 688
9.5015 16232.4 15575.8 656.6
9.50717 15564.3 14971.6 592.7
9.51284 15060.7 14533.4 527.3
9.51851 14689.2 14210.2 479
9.52419 14379.3 13967.5 411.8
9.52986 14153.2 13782.1 371.1
9.53553 13968.4 13638.6 329.8
9.5412 13822.4 13526.7 295.7
9.54687 13737.1 13438.2 298.9
9.55254 13627.3 13367 260.3
9.55821 13526.3 13309.2 217.1
9.56389 13462.8 13262.2 200.6
9.56956 13422.2 13230.8 191.4
9.57523 13370.9 13177 193.9
9.5809 13347.6 13151.5 196.1
9.58657 13316.3 13130.5 185.8
9.59224 13300.8 13113.4 187.4
9.59791 13251.2 13099.6 151.6
9.60358 13232.9 13088.4 144.5
9.60925 13199.9 13079.5 120.4
9.61493 13208.8 13072.6 136.2
9.6206 13197.1 13067.4 129.7
9.62627 13179.8 13063.9 115.9
9.63194 13195.3 13061.7 133.6
9.63761 13180.2 13060.6 119.6
9.64328 13171.2 13060.6 110.6
9.64895 13142 13061.6 80.4
9.65462 13136.9 13063.6 73.3
9.66029 13159.7 13066.3 93.4
9.66596 13153.6 13069.8 83.8
9.67164 13175.2 13073.9 101.3
9.67731 13179.7 13078.6 101.1
9.68298 13157.7 13084.1 73.6
9.68865 13173.6 13089.9 83.7
9.69432 13174 13096.2 77.8
9.69999 13189 13102.9 86.1
9.70566 13169 13110.1 58.9
9.71133 13218.6 13117.7 100.9
9.717 13201.6 13125.6 76
9.72267 13190.8 13133.8 57
9.72834 13242.1 13142.4 99.7
9.73401 13243.7 13151.4 92.3
9.73968 13240.4 13160.8 79.6
9.74535 13265.8 13170.4 95.4
9.75102 13287.2 13180.4 106.8
9.75669 13293.8 13190.7 103.1
9.76236 13283.7 13201.4 82.3
9.76804 13309.3 13212.5 96.8
9.77371 13306 13223.9 82.1
9.77938 13356.7 13235.5 121.2
9.78505 13322.5 13247.5 75
9.79072 13333.7 13259.9 73.8
9.79639 13337.8 13272.6 65.2
9.80206 13354.1 13285.5 68.6
9.80773 13364.4 13298.6 65.8
9.8134 13362.9 13312.1 50.8
9.81907 13364.5 13325.9 38.6
9.82474 13370.5 13340 30.5
9.83041 13373 13354.3 18.7
9.83608 13397.7 13368.8 28.9
9.84175 13403.9 13383.8 20.1
9.84742 13415.5 13399.1 16.4
9.85309 13432.3 13414.7 17.6
9.85876 13422.4 13430.7 -8.3
9.86443 13428.5 13447 -18.5
9.8701 13453.2 13463.7 -10.5
9.87577 13452.5 13481.1 -28.6
9.88144 13466 13499.3 -33.3
9.88711 13499.9 13518.1 -18.2
9.89278 13526.2 13537.7 -11.5
9.89845 13539.3 13558.1 -18.8
9.90412 13540.9 13579.4 -38.5
9.90979 13541.3 13601.3 -60
9.91546 13606.4 13624.1 -17.7
9.92112 13608.8 13648.3 -39.5
9.92679 13627.9 13670.8 -42.9
9.93246 13647.4 13696.2 -48.8
9.93813 13660.2 13722.6 -62.4
9.9438 13700.9 13750 -49.1
9.94947 13692.5 13778.5 -86
9.95514 13731.4 13808.2 -76.8
9.96081 13750.1 13839.4 -89.3
9.96648 13792.8 13871.9 -79.1
9.97215 13812.3 13905.9 -93.6
9.97782 13824.1 13941.7 -117.6
9.98349 13863.5 13979.4 -115.9
9.98916 13940.2 14019.4 -79.2
9.99483 13977.1 14061.8 -84.7
10.0005 14020.6 14107 -86.4
10.0062 14077.4 14155.4 -78
10.0118 14097.9 14207.7 -109.8
10.0175 14180.8 14264.4 -83.6
10.0232 14251.5 14326.3 -74.8
10.0288 14333.5 14394.4 -60.9
10.0345 14403.1 14470 -66.9
10.0402 14482.7 14554.9 -72.2
10.0459 14584.6 14651 -66.4
10.0515 14690.7 14761.2 -70.5
10.0572 14792.2 14889 -96.8
10.0629 14988 15039.4 -51.4
10.0685 15153.7 15219 -65.3
10.0742 15307.8 15436.5 -128.7
10.0799 15556.9 15704.3 -147.4
10.0855 15908.8 16039.2 -130.4
10.0912 16264.9 16464.7 -199.8
10.0969 16778.7 17020.3 -241.6
10.1025 17325.6 17722.1 -396.5
10.1082 18113.6 18675.8 -562.2
10.1139 19228.9 19951.7 -722.8
10.1195 20719.7 21667.6 -947.9
10.1252 22814.1 23973.9 -1159.8
10.1309 25455.9 27052.6 -1596.7
10.1366 29062.1 31094.2 -2032.1
10.1422 33731.2 36258.8 -2527.6
10.1479 39989.1 42601.2 -2612.1
10.1536 47644.2 49972.4 -2328.2
10.1592 56609.9 57924.1 -1314.2
10.1649 65841.8 65671.2 170.6
10.1706 74047.4 72182.6 1864.8
10.1762 78384.6 76409.2 1975.4
10.1819 80226.9 77596.4 2630.5
10.1876 78251.8 75538.1 2713.7
10.1932 71572.7 70652.2 920.5
10.1989 63627.2 63824.6 -197.4
10.2046 55346.8 56111.4 -764.6
10.2102 47044.8 48458.3 -1413.5
10.2159 39603.5 41509.5 -1906
10.2216 33759.6 35626 -1866.4
10.2272 29386.8 30879 -1492.2
10.2329 26084 27184.6 -1100.6
10.2386 23775.7 24381.1 -605.4
10.2442 22044.3 22288.5 -244.2
10.2499 20562.3 20742.4 -180.1
10.2556 19519.2 19605 -85.8
10.2613 18730.3 18769.6 -39.3
10.2669 18193.9 18156.1 37.8
10.2726 17781 17705.6 75.4
10.2783 17454.6 17376.2 78.4
10.2839 17202.1 17137.7 64.4
10.2896 16998.4 16968.7 29.7
10.2953 16891.3 16854.5 36.8
10.3009 16805.5 16784.9 20.6
10.3066 16736.9 16753.2 -16.3
10.3123 16738.2 16755.7 -17.5
10.3179 16744.9 16790.8 -45.9
10.3236 16856.4 16859.1 -2.7
10.3293 16977.2 16963.1 14.1
10.3349 17072.9 17107.7 -34.8
10.3406 17262.4 17300.2 -37.8
10.3463 17492 17550.7 -58.7
10.3519 17769.9 17872.6 -102.7
10.3576 18160 18282.8 -122.8
10.3633 18643.4 18802.8 -159.4
10.3689 19225.8 19457.6 -231.8
10.3746 19991 20275.5 -284.5
10.3803 20855.1 21286.1 -431
10.3859 21874 22516.8 -642.8
10.3916 23215.5 23987.9 -772.4
10.3973 24888.7 25705.2 -816.5
10.4029 26847.1 27651.1 -804
10.4086 28985.8 29777.3 -791.5
10.4143 31401.2 31998.7 -597.5
10.4199 33648.5 34194.1 -545.6
10.4256 36209.6 36212.3 -2.7
10.4313 38512.2 37894.5 617.7
10.4369 40176.9 39091.9 1085
10.4426 41001.5 39691.9 1309.6
10.4483 40875.2 39641 1234.2
10.4539 39880 38952.8 927.2
10.4596 38374.4 37707.9 666.5
10.4653 36264.6 36036.5 228.1
10.4709 33832.7 34094.7 -262
10.4766 31435.1 32040.2 -605.1
10.4823 29196.1 30011.8 -815.7
10.4879 27312.3 28117.3 -805
10.4936 25721.3 26428.5 -707.2
10.4993 24413.2 24983.9 -570.7
10.5049 23270.6 23795.8 -525.2
10.5106 22494.1 22858 -363.9
10.5163 21918.7 22154.3 -235.6
10.5219 21517.9 21664 -146.1
10.5276 21373.3 21367.5 5.8
10.5333 21407.1 21250 157.1
10.5389 21573.6 21302.8 270.8
10.5446 21931.4 21526 405.4
10.5503 22414.5 21928.9 485.6
10.5559 23093.8 22531.7 562.1
10.5616 23952.6 23367.3 585.3
10.5673 25071.9 24482.3 589.6
10.5729 26472.1 25940.7 531.4
10.5786 28300 27822.3 477.7
10.5843 30576.6 30225 351.6
10.5899 33340 33261.6 78.4
10.5956 36701.8 37054 -352.2
10.6013 40565.3 41717.5 -1152.2
10.6069 45348.1 47349.1 -2001
10.6126 51398.6 53986.1 -2587.5
10.6183 58628.2 61579.4 -2951.2
10.6239 66725.8 69957 -3231.2
10.6296 75544.3 78801.3 -3257
10.6353 84679.4 87634.2 -2954.8
10.6409 93819.8 95850.6 -2030.8
10.6466 103092 102782 310
10.6523 110423 107794 2629
10.6579 114325 110392 3933
10.6636 115355 110306 5049
10.6693 112697 107563 5134
10.6749 107013 102460 4553
10.6806 98705.5 95509.8 3195.7
10.6863 88709.3 87347 1362.3
10.6919 78329 78621.4 -292.4
10.6976 68499.9 69911.6 -1411.7
10.7033 59670.1 61667 -1996.9
10.7089 52235.6 54187.8 -1952.2
10.7146 45888.3 47632.8 -1744.5
10.7203 40140.7 42047.3 -1906.6
10.7259 35509.7 37393.8 -1884.1
10.7316 31834.3 33583.9 -1749.6
10.7373 28947.3 30506.1 -1558.8
10.7429 26798 28043.8 -1245.8
10.7486 25129.2 26086.8 -957.6
10.7543 23709.8 24538.1 -828.3
10.7599 22574.6 23314.4 -739.8
10.7656 21721.1 22348.1 -627
10.7713 21046.5 21585.1 -538.6
10.7769 20518.1 20982.6 -464.5
10.7826 20155 20507.8 -352.8
10.7883 19871.4 20135.1 -263.7
10.7939 19627.9 19845.2 -217.3
10.7996 19438 19624.1 -186.1
10.8052 19297 19461.2 -164.2
10.8109 19254.5 19349.5 -95
10.8166 19195.2 19284.5 -89.3
10.8222 19249.3 19264.3 -15
10.8279 19300.2 19289.1 11.1
10.8336 19396.5 19361.9 34.6
10.8392 19567.1 19488.1 79
10.8449 19789.9 19676.9 113
10.8506 20079.2 19941.7 137.5
10.8562 20451.9 20301.8 150.1
10.8619 21025.9 20785.2 240.7
10.8676 21707.2 21431.4 275.8
10.8732 22652.9 22296.8 356.1
10.8789 23796.1 23462 334.1
10.8846 25388.9 25041.9 347
10.8902 27187.4 27200.6 -13.2
10.8959 30094.3 30168.1 -73.8
10.9016 34060.9 34253.2 -192.3
10.9072 39483.4 39852.6 -369.2
10.9129 46414.8 47428.9 -1014.1
10.9185 55740.3 57435.5 -1695.2
10.9242 67090.1 70167.1 -3077
10.9299 80754 85505.1 -4751.1
10.9355 98517.8 102664 -4146.2
10.9412 116804 120028 -3224
10.9469 134316 135281 -965
10.9525 146855 145887 968
10.9582 152418 149890 2528
10.9639 149504 146583 2921
10.9695 141515 136740 4775
10.9752 125167 122294 2873
10.9809 106081 105645 436
10.9865 87326.6 88966.1 -1639.5
10.9922 71019.8 73783.7 -2763.9
10.9978 58199.6 60888.1 -2688.5
11.0035 48475.4 50474.4 -1999
11.0092 40643.2 42363.7 -1720.5
11.0148 34403.7 36196.6 -1792.9
11.0205 30195 31578.3 -1383.3
11.0262 27019.8 28142.4 -1122.6
11.0318 24725.6 25587.8 -862.2
11.0375 23133.2 23680.3 -547.1
11.0432 21882.2 22245.2 -363
11.0488 20843.7 21153.6 -309.9
11.0545 20035.4 20312.8 -277.4
11.0601 19443.2 19656.4 -213.2
11.0658 18924.9 19137 -212.1
11.0715 18544.3 18720.2 -175.9
11.0771 18257.5 18381 -123.5
11.0828 18015.2 18101.4 -86.2
11.0885 17763.7 17867.9 -104.2
11.0941 17555 17670.7 -115.7
11.0998 17383.6 17502.2 -118.6
11.1055 17262.1 17356.7 -94.6
11.1111 17162.7 17229.8 -67.1
11.1168 17079.3 17118.1 -38.8
11.1225 17007 17019 -12
11.1281 16917 16930.2 -13.2
11.1338 16876.9 16856.6 20.3
11.1394 16895.4 16774.5 120.9
11.1451 16795.4 16774.5 20.9
11.1508 16786.6 16774.5 12.1
11.1564 16816.2 16774.5 41.7
11.1621 16841.6 16774.5 67.1
11.1678 16871.4 16774.5 96.9
11.1734 16934.9 16774.5 160.4
11.1791 17043.6 16774.5 269.1
11.1847 17153.7 16774.5 379.2
11.1904 17341 16774.5 566.5
11.1961 17547.5 16774.5 773
11.2017 17830.1 16774.5 1055.6
11.2074 18181.9 16774.5 1407.4
11.2131 18625.7 16774.5 1851.2
11.2187 19188.4 16774.5 2413.9
11.2244 19858.4 16774.5 3083.9
11.2301 20801.9 16774.5 4027.4
11.2357 21956 16774.5 5181.5
11.2414 23354 16774.5 6579.5
11.247 25007.5 16774.5 8233
11.2527 26891 16774.5 10116.5
11.2584 28861.5 16774.5 12087
11.264 31306.9 16774.5 14532.4
11.2697 33727.7 16774.5 16953.2
11.2754 35973.4 16774.5 19198.9
11.281 37730.3 16774.5 20955.8
11.2867 38681.5 16774.5 21907
11.2923 38712.6 16774.5 21938.1
11.298 38119.8 16774.5 21345.3
11.3037 36659.5 16774.5 19885
11.3093 34577.1 16774.5 17802.6
11.315 32256.6 16774.5 15482.1
11.3207 30260.1 16774.5 13485.6
11.3263 28255.1 16774.5 11480.6
11.332 26875.4 16774.5 10100.9
11.3376 25783.4 16774.5 9008.9
11.3433 25122.6 16774.5 8348.1
11.349 25068 16774.5 8293.5
11.3546 25720.3 16774.5 8945.8
11.3603 27135.9 16774.5 10361.4
