2.84636 18980.2 18683.9 296.3
2.85205 18934.4 18683.9 250.5
2.85775 18944.1 18683.9 260.2
2.86344 18988.5 18683.9 304.6
2.86913 19010.4 18683.9 326.5
2.87482 19018.1 18683.9 334.2
2.88051 18993.1 18683.9 309.2
2.8862 19047.1 18683.9 363.2
2.89189 19300.1 18683.9 616.2
2.89759 19748.8 18683.9 1064.9
2.90328 20227.8 18683.9 1543.9
2.90897 20505.8 18683.9 1821.9
2.91466 20398.7 18683.9 1714.8
2.92035 19890.5 18683.9 1206.6
2.92604 19394.4 18683.9 710.5
2.93173 19150.7 18683.9 466.8
2.93742 19011.5 18683.9 327.6
2.94312 18961.1 18683.9 277.2
2.94881 18864.1 18683.9 180.2
2.9545 18914.9 18683.9 231
2.96019 18877.6 18683.9 193.7
2.96588 18870.9 18683.9 187
2.97157 18814.6 18683.9 130.7
2.97726 18828.9 18683.9 145
2.98296 18805.6 18683.9 121.7
2.98865 18768.7 18683.9 84.8
2.99434 18750 18683.9 66.1
3.00003 18760.1 18683.9 76.2
3.00572 18741.1 18678.3 62.8
3.01141 18713.6 18669.7 43.9
3.0171 18740.7 18657.1 83.6
3.02279 18708.6 18645.4 63.2
3.02848 18742.7 18638.5 104.2
3.03418 18751.6 18634.4 117.2
3.03987 18714.5 18627.6 86.9
3.04556 18802.1 18616.7 185.4
3.05125 18744 18606.2 137.8
3.05694 18741.2 18600.5 140.7
3.06263 18725.9 18598 127.9
3.06832 18687.6 18593.3 94.3
3.07401 18666 18584.3 81.7
3.0797 18671.5 18575.2 96.3
3.0854 18700 18570.9 129.1
3.09109 18684.7 18570.3 114.4
3.09678 18658.5 18567.9 90.6
3.10247 18629.5 18561.1 68.4
3.10816 18708.1 18553.7 154.4
3.11385 18669.8 18551 118.8
3.11954 18661 18552.4 108.6
3.12523 18667.8 18552.5 115.3
3.13092 18597 18548.1 48.9
3.13662 18662.6 18542.8 119.8
3.14231 18626.1 18541.9 84.2
3.148 18623.4 18545.5 77.9
3.15369 18574.5 18548 26.5
3.15938 18599.8 18545.7 54.1
3.16507 18600.4 18541.7 58.7
3.17076 18616.4 18541.6 74.8
3.17645 18589.1 18546 43.1
3.18214 18655 18549.7 105.3
3.18783 18740.9 18548.7 192.2
3.19352 18871.1 18545.4 325.7
3.19922 18865.4 18545.6 319.8
3.20491 18759.5 18550.7 208.8
3.2106 18634.5 18555.6 78.9
3.21629 18540.4 18555.9 -15.5
3.22198 18538.8 18553.4 -14.6
3.22767 18603.5 18554.1 49.4
3.23336 18588.3 18559.8 28.5
3.23905 18591.5 18565.9 25.6
3.24474 18596 18567.5 28.5
3.25043 18602.2 18565.9 36.3
3.25612 18551.8 18567 -15.2
3.26182 18541.2 18573.3 -32.1
3.26751 18551.7 18580.6 -28.9
3.2732 18582.4 18583.6 -1.2
3.27889 18610.7 18582.9 27.8
3.28458 18587.5 18584.5 3
3.29027 18547.5 18591.5 -44
3.29596 18569.9 18600 -30.1
3.30165 18466.2 18604.3 -138.1
3.30734 18494.5 18604.7 -110.2
3.31303 18506.7 18606.8 -100.1
3.31872 18575.8 18614.4 -38.6
3.32441 18564.7 18624.1 -59.4
3.3301 18571.5 18629.9 -58.4
3.3358 18556.8 18631.3 -74.5
3.34149 18590.4 18634 -43.6
3.34718 18591.5 18642.2 -50.7
3.35287 18622.6 18653.1 -30.5
3.35856 18627.4 18660.4 -33
3.36425 18654.4 18663.1 -8.7
3.36994 18666.8 18666.4 0.4
3.37563 18775.7 18675.2 100.5
3.38132 18897.2 18687.2 210
3.38701 19081.2 18696.1 385.1
3.3927 19386.7 18700.1 686.6
3.39839 19794.2 18704.1 1090.1
3.40408 20433.4 18713.6 1719.8
3.40977 21156.7 18726.7 2430
3.41546 21455.1 18737.3 2717.8
3.42115 21189.4 18742.6 2446.8
3.42685 20645.5 18747.5 1898
3.43254 19984 18757.6 1226.4
3.43823 19389.4 18772 617.4
3.44392 19112.5 18784.2 328.3
3.44961 18922.8 18791.1 131.7
3.4553 18838.3 18796.9 41.4
3.46099 18783.2 18807.7 -24.5
3.46668 18756.4 18823.3 -66.9
3.47237 18770.4 18837.3 -66.9
3.47806 18709.3 18845.9 -136.6
3.48375 18786.1 18852.7 -66.6
3.48944 18754.9 18864.4 -109.5
3.49513 18792.2 18881.2 -89
3.50082 18769.7 18897.1 -127.4
3.50651 18800 18907.5 -107.5
3.5122 18771.2 18915.6 -144.4
3.51789 18803.8 18928.2 -124.4
3.52358 18818.5 18946.4 -127.9
3.52927 18826.2 18964.3 -138.1
3.53496 18888.7 18976.8 -88.1
3.54065 18910.1 18986.4 -76.3
3.54634 18883.8 19000.1 -116.3
3.55203 18927.4 19019.8 -92.4
3.55773 18958.4 19039.9 -81.5
3.56342 19013.1 19055.3 -42.2
3.56911 19008.5 19068.1 -59.6
3.5748 19057.3 19085.5 -28.2
3.58049 19060.6 19110.1 -49.5
3.58618 19096.7 19136.8 -40.1
3.59187 19162.3 19159.3 3
3.59756 19158.9 19178.7 -19.8
3.60325 19141.6 19201.8 -60.2
3.60894 19169.7 19232.4 -62.7
3.61463 19224.8 19265.7 -40.9
3.62032 19227.2 19295 -67.8
3.62601 19238.5 19320.4 -81.9
3.6317 19304.2 19348.9 -44.7
3.63739 19339.6 19384.9 -45.3
3.64308 19321.6 19424.5 -102.9
3.64877 19383.5 19460.3 -76.8
3.65446 19448.5 19491.8 -43.3
3.66015 19494.1 19525.6 -31.5
3.66584 19526.4 19567 -40.6
3.67153 19545.7 19612.8 -67.1
3.67722 19595.9 19655.5 -59.6
3.68291 19691.4 19693.4 -2
3.6886 19762.5 19733.1 29.4
3.69429 19831.1 19780.6 50.5
3.69998 19826.2 19833.5 -7.3
3.70567 19840.4 19884.2 -43.8
3.71136 19876.2 19930.2 -54
3.71705 19901.7 19977.6 -75.9
3.72274 20008.5 20033.1 -24.6
3.72843 20098.5 20095.4 3.1
3.73412 20180.1 20157.3 22.8
3.73981 20324.9 20215 109.9
3.7455 20524.4 20274.3 250.1
3.75119 20929.6 20342.7 586.9
3.75688 21462.8 20420.3 1042.5
3.76257 21898 20500.3 1397.7
3.76826 22104.3 20578.7 1525.6
3.77395 21992.6 20661.4 1331.2
3.77964 21754.4 20757 997.4
3.78533 21538 20867.7 670.3
3.79102 21464.3 20990.6 473.7
3.79671 21568.2 21124.1 444.1
3.8024 21626.1 21258.9 367.2
3.80809 21817 21414.8 402.2
3.81378 22016.4 21597.8 418.6
3.81947 22289.8 21805.4 484.4
3.82516 22551.3 22035.5 515.8
3.83085 22842.6 22297.1 545.5
3.83654 23215.8 22608 607.8
3.84223 23715.6 22985.3 730.3
3.84792 24299.1 23440.8 858.3
3.85361 24926.4 23991.1 935.3
3.8593 25701.8 24671.5 1030.3
3.86499 26688.2 25542.1 1146.1
3.87068 28132.2 26688 1444.2
3.87637 29930.4 28230.9 1699.5
3.88206 32477.7 30367.6 2110.1
3.88775 35730.8 33445.2 2285.6
3.89344 40753.4 38087.3 2666.1
3.89913 49347.6 45424.8 3922.8
3.90482 63536.6 57531.7 6004.9
3.91051 86917.3 78156.8 8760.5
3.9162 120102 113584 6518
3.92189 173656 172575 1081
3.92758 262325 262713 -388
3.93326 373828 380352 -6524
3.93895 485085 498037 -12952
3.94464 556652 567861 -11209
3.95033 555108 548658 6450
3.95602 467980 443128 24852
3.96171 326606 313481 13125
3.9674 202175 204691 -2516
3.97309 125115 132339 -7224
3.97878 85273.1 89526.7 -4253.6
3.98447 60976.1 65052.1 -4076
3.99016 46960.3 50848 -3887.7
3.99585 39400.5 42283.3 -2882.8
4.00154 35127.9 36883.3 -1755.4
4.00723 32522.6 33326.9 -804.3
4.01292 30687.5 30889 -201.5
4.01861 29456.3 29154.6 301.7
4.0243 28540.8 27878 662.8
4.02999 27806.1 26911.6 894.5
4.03568 27044.3 26166.5 877.8
4.04137 26416.1 25581.6 834.5
4.04706 25663.7 25109.7 554
4.05275 24982.2 24718.4 263.8
4.05843 24633.2 24391 242.2
4.06412 24345.6 24120.8 224.8
4.06981 24206.2 23899.1 307.1
4.0755 24024.2 23711.5 312.7
4.08119 24023.9 23545.4 478.5
4.08688 23874.9 23399.3 475.6
4.09257 23786.4 23279.6 506.8
4.09826 23639.7 23187.8 451.9
4.10395 23404.2 23115.3 288.9
4.10964 23224.2 23052 172.2
4.11533 23158.7 22998.6 160.1
4.12102 23098.1 22965.4 132.7
4.12671 23114.6 22958.8 155.8
4.1324 23037.7 22972.8 64.9
4.13809 23074.3 22997 77.3
4.14377 23075 23032 43
4.14946 23170 23089.7 80.3
4.15515 23206 23177.1 28.9
4.16084 23299.5 23286.7 12.8
4.16653 23417.1 23408.7 8.4
4.17222 23483.4 23544.4 -61
4.17791 23653.6 23711.3 -57.7
4.1836 23860.3 23929.4 -69.1
4.18929 24068 24205.9 -137.9
4.19498 24359.6 24541.4 -181.8
4.20067 24634.9 24951.7 -316.8
4.20636 25029.9 25480.5 -450.6
4.21204 25474.3 26192.4 -718.1
4.21773 26279.8 27165.8 -886
4.22342 26996.2 28517.7 -1521.5
4.22911 28246.2 30473.3 -2227.1
4.2348 30052 33481.5 -3429.5
4.24049 33786.6 38424.4 -4637.8
4.24618 41298.9 47060.1 -5761.2
4.25187 55386 62893 -7507
4.25756 84955.3 92344.5 -7389.2
4.26325 135355 144647 -9292
4.26894 230356 226336 4020
4.27462 345974 327259 18715
4.28031 416534 408408 8126
4.286 440055 419165 20890
4.29169 337498 347347 -9849
4.29738 232620 239119 -6499
4.30307 149443 149164 279
4.30876 95283.5 94787.2 496.3
4.31445 68480.1 66571.6 1908.5
4.32014 55244.5 52405.5 2839
4.32582 46559.7 45163.9 1395.8
4.33151 42735.7 41465.4 1270.3
4.3372 40922.4 39659.1 1263.3
4.34289 40179.2 38893.5 1285.7
4.34858 40437.6 38739.6 1698
4.35427 39970 39016.8 953.2
4.35996 40063.5 39627.1 436.4
4.36565 40697.7 40475.2 222.5
4.37133 41063.8 41492.6 -428.8
4.37702 42160.4 42703.7 -543.3
4.38271 42696.2 44155.9 -1459.7
4.3884 43865.2 45802.4 -1937.2
4.39409 45561.7 47578.6 -2016.9
4.39978 47394.3 49476.1 -2081.8
4.40547 50294.7 51660.4 -1365.7
4.41116 53799.1 54449.5 -650.4
4.41684 57787.7 58262.6 -474.9
4.42253 64205.1 63706.6 498.5
4.42822 73967.3 71726.6 2240.7
4.43391 88431.3 83900.3 4531
4.4396 108431 103087 5344
4.44529 139508 134649 4859
4.45098 194631 188458 6173
4.45667 290237 281824 8413
4.46235 448269 441588 6681
4.46804 694720 698760 -4040
4.47373 1.04859e+06 1.06434e+06 -15750
4.47942 1.43848e+06 1.48486e+06 -46380
4.48511 1.81135e+06 1.81629e+06 -4940
4.4908 1.9203e+06 1.88754e+06 32760
4.49649 1.68636e+06 1.64536e+06 41000
4.50217 1.31328e+06 1.21892e+06 94360
4.50786 828425 800641 27784
4.51355 478887 496516 -17629
4.51924 281146 309191 -28045
4.52493 176870 201406 -24536
4.53062 122090 139560 -17470
4.5363 91573 102910 -11337
4.54199 70173.4 80194.3 -10020.9
4.54768 57137 65425.9 -8288.9
4.55337 49150 55359.7 -6209.7
4.55906 43756.6 48206.4 -4449.8
4.56475 40329.1 42957.7 -2628.6
4.57043 36878.8 39008 -2129.2
4.57612 34182.7 35955.8 -1773.1
4.58181 32082 33523.5 -1441.5
4.5875 30377.9 31536.1 -1158.2
4.59319 29133.3 29897.1 -763.8
4.59888 27981.7 28543.4 -561.7
4.60456 26849.3 27410.6 -561.3
4.61025 25885.1 26434.3 -549.2
4.61594 25182.8 25572.4 -389.6
4.62163 24483.5 24813.4 -329.9
4.62732 23930.9 24155.8 -224.9
4.63301 23289.3 23583.6 -294.3
4.63869 22755.6 23067.9 -312.3
4.64438 22287.5 22588.2 -300.7
4.65007 21848.4 22145.5 -297.1
4.65576 21484.5 21749.4 -264.9
4.66145 21111.7 21396.6 -284.9
4.66713 20795.4 21069.1 -273.7
4.67282 20460.5 20751.8 -291.3
4.67851 20206.8 20447.3 -240.5
4.6842 19944.8 20166.7 -221.9
4.68989 19725.2 19911.7 -186.5
4.69558 19480.8 19669.9 -189.1
4.70126 19318.8 19429.4 -110.6
4.70695 19201.4 19192.6 8.8
4.71264 18941.5 18970.9 -29.4
4.71833 18698.4 18768.5 -70.1
4.72402 18468.9 18576.6 -107.7
4.7297 18210.3 18384 -173.7
4.73539 18023.5 18191.5 -168
4.74108 17805.8 18009.3 -203.5
4.74677 17660.6 17842.9 -182.3
4.75246 17482.7 17685.6 -202.9
4.75814 17382.1 17527.6 -145.5
4.76383 17278 17368.3 -90.3
4.76952 17197.4 17216.6 -19.2
4.77521 17045.6 17078.7 -33.1
4.78089 16947.6 16949.9 -2.3
4.78658 16833 16821 12
4.79227 16781.9 16690.6 91.3
4.79796 16665.1 16566.4 98.7
4.80365 16574.4 16468.7 105.7
4.80933 16478.2 16378.1 100.1
4.81502 16316.6 16276.7 39.9
4.82071 16261 16174.2 86.8
4.8264 16190.3 16077.2 113.1
4.83208 16089.2 15992 97.2
4.83777 16018.3 15916.7 101.6
4.84346 15972.1 15843.7 128.4
4.84915 15894.2 15770.5 123.7
4.85484 15820.4 15702.4 118
4.86052 15783.7 15645.4 138.3
4.86621 15691.5 15596 95.5
4.8719 15599.8 15545.8 54
4.87759 15529.1 15491 38.1
4.88327 15472 15436.1 35.9
4.88896 15426.1 15386.9 39.2
4.89465 15384.1 15343 41.1
4.90034 15325.1 15298.5 26.6
4.90602 15238.4 15249.7 -11.3
4.91171 15194.2 15200.1 -5.9
4.9174 15142.4 15155.3 -12.9
4.92309 15085.7 15115.6 -29.9
4.92877 15052.1 15075.8 -23.7
4.93446 14958.3 15032.1 -73.8
4.94015 14973.3 14987 -13.7
4.94584 14894.8 14945.9 -51.1
4.95152 14876.1 14909.7 -33.6
4.95721 14780 14873.8 -93.8
4.9629 14755.5 14834.4 -78.9
4.96859 14722 14793.3 -71.3
4.97427 14698.5 14755.5 -57
4.97996 14671.1 14722.2 -51.1
4.98565 14645.7 14689.7 -44
4.99134 14578.6 14654.1 -75.5
4.99702 14566.2 14616.5 -50.3
5.00271 14565.2 14581.6 -16.4
5.0084 14514.4 14551.1 -36.7
5.01409 14485.3 14521.5 -36.2
5.01977 14454.3 14489.3 -35
5.02546 14420 14455 -35
5.03115 14346.5 14422.8 -76.3
5.03684 14374.2 14394.6 -20.4
5.04252 14332.8 14367.8 -35
5.04821 14291.8 14338.7 -46.9
5.0539 14272.8 14307.4 -34.6
5.05958 14300.6 14277.8 22.8
5.06527 14349.6 14251.9 97.7
5.07096 14358.4 14227.6 130.8
5.07665 14385.5 14201.3 184.2
5.08233 14460.7 14172.9 287.8
5.08802 14494.1 14145.7 348.4
5.09371 14453 14122 331
5.09939 14331.6 14100 231.6
5.10508 14240.6 14076.4 164.2
5.11077 14141.6 14050.8 90.8
5.11646 14037.4 14026 11.4
5.12214 14005.3 14004.4 0.9
5.12783 13990.9 13984.7 6.2
5.13352 13955.6 13963.7 -8.1
5.1392 13948.8 13940.7 8.1
5.14489 13905 13918.3 -13.3
5.15058 13869.4 13898.8 -29.4
5.15626 13876.1 13881.2 -5.1
5.16195 13886.4 13862.7 23.7
5.16764 13887.4 13842.3 45.1
5.17333 13826.6 13822.3 4.3
5.17901 13818.5 13804.8 13.7
5.1847 13795.4 13789.4 6
5.19039 13816.2 13773.3 42.9
5.19607 13838.2 13755.5 82.7
5.20176 13845.3 13737.8 107.5
5.20745 13862.5 13722.5 140
5.21313 13920.1 13709.2 210.9
5.21882 13984.1 13695.5 288.6
5.22451 13966.5 13680.2 286.3
5.23019 13889.9 13664.9 225
5.23588 13782.2 13651.7 130.5
5.24157 13771.9 13640.5 131.4
5.24725 13706.9 13629.2 77.7
5.25294 13705.2 13616.5 88.7
5.25863 13661.7 13603.6 58.1
5.26431 13633.5 13592.6 40.9
5.27 13612.2 13583.6 28.6
5.27569 13610.3 13574.6 35.7
5.28137 13609.2 13564.4 44.8
5.28706 13640.4 13553.9 86.5
5.29275 13660.3 13545.2 115.1
5.29843 13662.9 13538.5 124.4
5.30412 13702.8 13531.9 170.9
5.30981 13803.4 13524.2 279.2
5.31549 13815.8 13516.3 299.5
5.32118 13926.8 13509.9 416.9
5.32687 13912.9 13505.5 407.4
5.33255 13915.2 13501.3 413.9
5.33824 13893.6 13496.2 397.4
5.34393 13829.8 13490.9 338.9
5.34961 13725.8 13487 238.8
5.3553 13663.8 13485 178.8
5.36099 13607.7 13483.4 124.3
5.36667 13597.1 13481 116.1
5.37236 13580.6 13478.3 102.3
5.37805 13589.3 13477 112.3
5.38373 13559.6 13477.5 82.1
5.38942 13579.8 13478.6 101.2
5.3951 13574.5 13478.9 95.6
5.40079 13557 13479.1 77.9
5.40648 13566.5 13480.6 85.9
5.41216 13534.9 13483.8 51.1
5.41785 13569.6 13487.7 81.9
5.42354 13570 13491.5 78.5
5.42922 13591.2 13496 95.2
5.43491 13598.2 13502.3 95.9
5.4406 13630.6 13511.2 119.4
5.44628 13696.4 13521.3 175.1
5.45197 13790.6 13531.7 258.9
5.45765 13937.7 13542.5 395.2
5.46334 14092.8 13555.3 537.5
5.46903 14227.2 13570.4 656.8
5.47471 14368.9 13586.9 782
5.4804 14337.9 13603.4 734.5
5.48608 14221.5 13620.5 601
5.49177 14054.6 13639.5 415.1
5.49746 13914.4 13660.7 253.7
5.50314 13859.7 13683.3 176.4
5.50883 13781.5 13712 69.5
5.51452 13766.8 13737.1 29.7
5.5202 13811.9 13761.9 50
5.52589 13839.5 13789.8 49.7
5.53157 13838.2 13819.1 19.1
5.53726 13851.3 13847.9 3.4
5.54295 13880.2 13876.8 3.4
5.54863 13913.1 13908.2 4.9
5.55432 13919.2 13943 -23.8
5.56 13951 13979.2 -28.2
5.56569 13969.3 14015.1 -45.8
5.57138 14055.6 14051.4 4.2
5.57706 14081 14090.5 -9.5
5.58275 14106.9 14133.4 -26.5
5.58843 14175.7 14178.3 -2.6
5.59412 14212.1 14223.3 -11.2
5.5998 14284.1 14269 15.1
5.60549 14328.9 14318.3 10.6
5.61118 14371.3 14372.5 -1.2
5.61686 14458.6 14429.8 28.8
5.62255 14560.3 14488.1 72.2
5.62823 14630 14548.1 81.9
5.63392 14745.1 14613.4 131.7
5.6396 14825.9 14685.7 140.2
5.64529 14910.3 14763.6 146.7
5.65098 15083.4 14844.8 238.6
5.65666 15102.3 14930.5 171.8
5.66235 15256.4 15025.1 231.3
5.66803 15377.8 15131.8 246
5.67372 15546.2 15250.1 296.1
5.6794 15723 15378.2 344.8
5.68509 15924.7 15518.5 406.2
5.69078 16158.6 15678 480.6
5.69646 16450.3 15863.6 586.7
5.70215 16725.4 16078 647.4
5.70783 17050.6 16323.4 727.2
5.71352 17415.1 16608 807.1
5.7192 17719.9 16948.1 771.8
5.72489 18216.1 17364.3 851.8
5.73057 18798 17877.6 920.4
5.73626 19536.6 18515.4 1021.2
5.74195 20486.1 19323.5 1162.6
5.74763 21686.4 20379.2 1307.2
5.75332 23039.6 21800.4 1239.2
5.759 25279.5 23765.3 1514.2
5.76469 28722.6 26565.1 2157.5
5.77037 33575.7 30702.9 2872.8
5.77606 41154.2 37077.6 4076.6
5.78174 52614.8 47304.3 5310.5
5.78743 70346.8 64257.4 6089.4
5.79311 103498 92816.6 10681.4
5.7988 156194 140135 16059
5.80448 233715 213288 20427
5.81017 323651 311450 12201
5.81585 395984 414244 -18260
5.82154 449889 480374 -30485
5.82722 436088 472795 -36707
5.83291 373332 394615 -21283
5.8386 281457 287579 -6122
5.84428 197256 192981 4275
5.84997 139577 126640 12937
5.85565 96106.2 85326 10780.2
5.86134 68148.5 60681 7467.5
5.86702 51114.6 45936.3 5178.3
5.87271 41097.4 36890.8 4206.6
5.87839 34808.8 31145.9 3662.9
5.88408 30882.8 27352.6 3530.2
5.88976 27425.5 24747.5 2678
5.89545 25062.8 22892.9 2169.9
5.90113 23358.7 21537.9 1820.8
5.90682 22158.4 20527 1631.4
5.9125 21174.5 19753.4 1421.1
5.91819 20405.2 19142 1263.2
5.92387 19730.1 18646.9 1083.2
5.92956 19135.6 18244.5 891.1
5.93524 18671.8 17918.9 752.9
5.94093 18275.6 17651.6 624
5.94661 17949.4 17423 526.4
5.9523 17661.8 17221.7 440.1
5.95798 17363.5 17046.8 316.7
5.96366 17151.6 16899.6 252
5.96935 16991.9 16775.3 216.6
5.97503 16737.5 16663.9 73.6
5.98072 16749.7 16562.1 187.6
5.9864 16531.2 16449.6 81.6
5.99209 16410.6 16367.5 43.1
5.99777 16308.5 16298.2 10.3
6.00346 16234.9 16233.9 1
6.00914 16132.9 16169.5 -36.6
6.01483 16071.6 16107.9 -36.3
6.02051 16052 16055 -3
6.0262 15972 16011.3 -39.3
6.03188 15940.1 15968.5 -28.4
6.03757 15874 15937.2 -63.2
6.04325 15865.3 15894.5 -29.2
6.04894 15849.6 15857.9 -8.3
6.05462 15816.3 15829 -12.7
6.0603 15847.7 15802.9 44.8
6.06599 15798.3 15774.3 24
6.07167 15862.4 15744.6 117.8
6.07736 15867.3 15719.4 147.9
6.08304 15854.6 15701.5 153.1
6.08873 15879.8 15686.2 193.6
6.09441 15903.4 15667.2 236.2
6.1001 15914.4 15644.6 269.8
6.10578 15971.2 15623.8 347.4
6.11146 16110.2 15608 502.2
6.11715 16241.3 15594.1 647.2
6.12283 16354.4 15576.7 777.7
6.12852 16356.7 15555.4 801.3
6.1342 16287.7 15535.1 752.6
6.13989 16237.3 15519.4 717.9
6.14557 16151.4 15505.1 646.3
6.15125 16111.7 15494.7 617
6.15694 16075.4 15474.4 601
6.16262 16016.7 15454.5 562.2
6.16831 15977.2 15439 538.2
6.17399 16006.8 15426.3 580.5
6.17968 15976.3 15411.4 564.9
6.18536 15922.8 15392.4 530.4
6.19104 15942.2 15373.4 568.8
6.19673 15860.6 15358.4 502.2
6.20241 15891.7 15346.8 544.9
6.2081 15824 15333.6 490.4
6.21378 15798.3 15316.5 481.8
6.21946 15777 15298.8 478.2
6.22515 15709.3 15285 424.3
6.23083 15666.7 15274.9 391.8
6.23652 15665.2 15263.9 401.3
6.2422 15599.9 15249.3 350.6
6.24788 15586.2 15233.7 352.5
6.25357 15556.8 15221.6 335.2
6.25925 15509 15213.7 295.3
6.26494 15521.8 15205.6 316.2
6.27062 15479.4 15194.2 285.2
6.2763 15462.3 15181.6 280.7
6.28199 15461.1 15172.3 288.8
6.28767 15433.4 15167.4 266
6.29336 15414.7 15163.2 251.5
6.29904 15375.9 15156.1 219.8
6.30472 15356.9 15147.5 209.4
6.31041 15335.6 15142 193.6
6.31609 15307 15142.9 164.1
6.32177 15256.6 15133.2 123.4
6.32746 15241.7 15131.7 110
6.33314 15245.5 15128.8 116.7
6.33883 15281.6 15128.3 153.3
6.34451 15248.9 15132.2 116.7
6.35019 15254.5 15138.3 116.2
6.35588 15268.3 15142.9 125.4
6.36156 15291 15146.2 144.8
6.36724 15283.4 15151.6 131.8
6.37293 15314 15161.6 152.4
6.37861 15273.4 15174.4 99
6.38429 15296.1 15186.3 109.8
6.38998 15314 15196.9 117.1
6.39566 15353.9 15209.5 144.4
6.40135 15393.4 15226.9 166.5
6.40703 15382.4 15247.6 134.8
6.41271 15397.9 15268.1 129.8
6.4184 15394.5 15287.5 107
6.42408 15465.3 15308.8 156.5
6.42976 15473.3 15335 138.3
6.43545 15483 15364.9 118.1
6.44113 15541.3 15396.7 144.6
6.44681 15577.4 15430.3 147.1
6.4525 15594.6 15468.3 126.3
6.45818 15639 15513.7 125.3
6.46386 15718.1 15565.6 152.5
6.46955 15735.2 15620.6 114.6
6.47523 15754.3 15676.6 77.7
6.48091 15792.4 15735.7 56.7
6.4866 15874.5 15801.1 73.4
6.49228 15922.7 15872.5 50.2
6.49796 15990.4 15946.5 43.9
6.50365 16039.9 16020.9 19
6.50933 16070.5 16097.3 -26.8
6.51501 16165.9 16179.1 -13.2
6.52069 16232.6 16274 -41.4
6.52638 16317.6 16310.6 7
6.53206 16357.5 16401.2 -43.7
6.53774 16463.5 16496.2 -32.7
6.54343 16488.4 16593.2 -104.8
6.54911 16576.4 16692.9 -116.5
6.55479 16696.4 16794.9 -98.5
6.56048 16789.4 16899.3 -109.9
6.56616 16859.9 17006.6 -146.7
6.57184 16960.6 17117 -156.4
6.57753 17010 17230.4 -220.4
6.58321 17163.9 17346.5 -182.6
6.58889 17312.5 17465.5 -153
6.59457 17440.8 17588.1 -147.3
6.60026 17597.6 17714.8 -117.2
6.60594 17680.8 17845.7 -164.9
6.61162 17794.3 17980.8 -186.5
6.61731 18035.9 18120.9 -85
6.62299 18204 18267.2 -63.2
6.62867 18430.2 18420.6 9.6
6.63435 18673.2 18581.9 91.3
6.64004 18887.7 18752 135.7
6.64572 19138 18932.8 205.2
6.6514 19407.6 19126.7 280.9
6.65708 19707.9 19336.1 371.8
6.66277 19976 19563.5 412.5
6.66845 20255.7 19812.3 443.4
6.67413 20580.5 20087.3 493.2
6.67982 21022.9 20394.8 628.1
6.6855 21538.9 20741.7 797.2
6.69118 22048.6 21136.7 911.9
6.69686 22656.9 21591.1 1065.8
6.70255 23404.8 22120.5 1284.3
6.70823 24157.4 22745.1 1412.3
6.71391 25152.9 23491.9 1661
6.71959 26347.4 24398.8 1948.6
6.72528 27873.7 25513.5 2360.2
6.73096 29578.7 26903.3 2675.4
6.73664 31636.9 28661.8 2975.1
6.74232 34207.4 30920.6 3286.8
6.74801 37651.2 33868.5 3782.7
6.75369 42194.2 37780.8 4413.4
6.75937 48294 43065.7 5228.3
6.76505 56425.9 50325.5 6100.4
6.77074 65834.1 60445.8 5388.3
6.77642 79970.1 74718.3 5251.8
6.7821 101358 94981.6 6376.4
6.78778 131418 123735 7683
6.79346 172084 164118 7966
6.79915 226028 219482 6546
6.80483 292749 292361 388
6.81051 374752 382549 -7797
6.81619 475182 484613 -9431
6.82188 575705 586100 -10395
6.82756 655160 668553 -13393
6.83324 699025 712820 -13795
6.83892 693574 707021 -13447
6.8446 644225 652520 -8295
6.85029 558867 563394 -4527
6.85597 456193 459684 -3491
6.86165 357519 359244 -1725
6.86733 279141 273012 6129
6.87301 213373 204845 8528
6.8787 157768 153847 3921
6.88438 117659 116982 677
6.89006 89851.1 90799.5 -948.4
6.89574 71414.7 72302 -887.3
6.90142 58468.4 59186.1 -717.7
6.90711 49380.9 49793.8 -412.9
6.91279 42239.6 42976.1 -736.5
6.91847 37149.8 37948.5 -798.7
6.92415 33499.5 34175.2 -675.7
6.92983 30813.2 31291.7 -478.5
6.93551 28814.7 29049.1 -234.4
6.9412 27192.3 27277.3 -85
6.94688 25754.5 25860 -105.5
6.95256 24654.2 24707.1 -52.9
6.95824 23656.9 23756.2 -99.3
6.96392 23003.2 22961.5 41.7
6.96961 22415.4 22290.7 124.7
6.97529 21863 21720.4 142.6
6.98097 21392.8 21231.1 161.7
6.98665 20879.2 20806.2 73
6.99233 20531.5 20433 98.5
6.99801 20181.8 20103.6 78.2
7.00369 19956.3 19812.2 144.1
7.00938 19687.8 19553.4 134.4
7.01506 19422.5 19320.7 101.8
7.02074 19201.9 19109.1 92.8
7.02642 19007.1 18916.3 90.8
7.0321 18808 18741.2 66.8
7.03778 18733.4 18582.1 151.3
7.04347 18517.3 18435.7 81.6
7.04915 18292.6 18299.3 -6.7
7.05483 18038.3 18172.1 -133.8
7.06051 17855.3 18054.5 -199.2
7.06619 17752.7 17946.1 -193.4
7.07187 17654.8 17844.9 -190.1
7.07755 17541.6 17749 -207.4
7.08323 17397.4 17657.9 -260.5
7.08892 17343.7 17572.7 -229
7.0946 17218.1 17493.6 -275.5
7.10028 17209.2 17419.1 -209.9
7.10596 17154.8 17347.6 -192.8
7.11164 17102.6 17278.9 -176.3
7.11732 17043.2 17214 -170.8
7.123 17014.1 17153.7 -139.6
7.12868 16994.7 17096.8 -102.1
7.13437 16982.6 17041.9 -59.3
7.14005 16977.6 16988.5 -10.9
7.14573 16986.9 16938.1 48.8
7.15141 17470.9 16891.4 579.5
7.15709 16993.9 16847.6 146.3
7.16277 16988.7 16805.2 183.5
7.16845 16979.8 16763.9 215.9
7.17413 16904.5 16725 179.5
7.17981 16831.7 16689.4 142.3
7.18549 16780.4 16656.6 123.8
7.19118 16753.5 16625 128.5
7.19686 16716 16594.3 121.7
7.20254 16670.3 16565.7 104.6
7.20822 16667.6 16540.1 127.5
7.2139 16591.2 16517.3 73.9
7.21958 16497.9 16495.8 2.1
7.22526 16416.5 16475.1 -58.6
7.23094 16387.1 16456.1 -69
7.23662 16341.7 16440.3 -98.6
7.2423 16316.8 16427.4 -110.6
7.24798 16340.6 16415.9 -75.3
7.25366 16336 16405.3 -69.3
7.25935 16391.3 16397.3 -6
7.26503 16448.2 16393 55.2
7.27071 16487.2 16392.6 94.6
7.27639 16464 16394.4 69.6
7.28207 16480.9 16397.7 83.2
7.28775 16500.5 16403.3 97.2
7.29343 16476.4 16412.7 63.7
7.29911 16486.8 16426.3 60.5
7.30479 16457.6 16442.4 15.2
7.31047 16495.4 16460.2 35.2
7.31615 16502.1 16480.5 21.6
7.32183 16519.3 16505.1 14.2
7.32751 16514.2 16534.4 -20.2
7.33319 16543.3 16567.2 -23.9
7.33887 16595.8 16602.5 -6.7
7.34455 16624.2 16641.1 -16.9
7.35023 16702.7 16685.2 17.5
7.35591 16757.4 16735.8 21.6
7.36159 16816.1 16791.9 24.2
7.36727 16875.1 16852.8 22.3
7.37295 17001.4 16919.7 81.7
7.37863 17113.2 16995.5 117.7
7.38432 17253.2 17082.5 170.7
7.39 17397.8 17180.7 217.1
7.39568 17482.8 17290.2 192.6
7.40136 17617.6 17415.7 201.9
7.40704 17800.7 17559.4 241.3
7.41272 18027 17728.3 298.7
7.4184 18340.7 17926.7 414
7.42408 18556.8 18159.8 397
7.42976 18851.6 18437.5 414.1
7.43544 19269.3 18776.1 493.2
7.44112 19789.2 19196.4 592.8
7.4468 20351 19724.6 626.4
7.45248 21197.2 20397.5 799.7
7.45816 22077.7 21273.3 804.4
7.46384 23069.2 22443.3 625.9
7.46952 24679.6 24048.5 631.1
7.4752 27115.9 26305.7 810.2
7.48088 30334.8 29561.2 773.6
7.48656 35415.2 34377.6 1037.6
7.49224 41920.5 41661.4 259.1
7.49792 53703.2 52825.3 877.9
7.5036 72542.7 69920.3 2622.4
7.50928 100532 95527.1 5004.9
7.51496 138751 131999 6752
7.52063 185427 179520 5907
7.52631 230579 233196 -2617
7.53199 273817 281237 -7420
7.53767 294762 307960 -13198
7.54335 288154 302439 -14285
7.54903 256946 266558 -9612
7.55471 211903 213978 -2075
7.56039 160869 160686 183
7.56607 117550 116686 864
7.57175 86518.4 84626.3 1892.1
7.57743 64821.5 62874.3 1947.2
7.58311 51774.4 48599.8 3174.6
7.58879 41277.1 39302.9 1974.2
7.59447 34621.1 33194.3 1426.8
7.60015 30072.9 29099.9 973
7.60583 27239.9 26286 953.9
7.61151 25121.9 24301.3 820.6
7.61719 23898.4 22867.5 1030.9
7.62287 22477.9 21807.9 670
7.62855 21559.9 21005.6 554.3
7.63423 20848.8 20383.1 465.7
7.6399 20324.9 19890.8 434.1
7.64558 19881.2 19497.1 384.1
7.65126 19592.7 19179.5 413.2
7.65694 19125.9 18918.9 207
7.66262 18903 18700.3 202.7
7.6683 18592.6 18514.6 78
7.67398 18463.3 18357.3 106
7.67966 18322 18224.8 97.2
7.68534 18165.5 18111.8 53.7
7.69102 17953.2 18013 -59.8
7.6967 17873.8 17925.6 -51.8
7.70238 17775.4 17849.6 -74.2
7.70806 17728.2 17785.4 -57.2
7.71373 17675.9 17731 -55.1
7.71941 17593.9 17683.3 -89.4
7.72509 17557.4 17641.2 -83.8
7.73077 17503.9 17605.9 -102
7.73645 17477.6 17579 -101.4
7.74213 17463.2 17559.8 -96.6
7.74781 17460.2 17546.8 -86.6
7.75349 17444.8 17539.4 -94.6
7.75917 17461.2 17539.8 -78.6
7.76484 17535.5 17550.9 -15.4
7.77052 17503.3 17573.9 -70.6
7.7762 17646.2 17609.2 37
7.78188 17769.3 17658.7 110.6
7.78756 17824.7 17727.9 96.8
7.79324 18034.3 17824.5 209.8
7.79892 18258.8 17956.8 302
7.8046 18509.7 18135.5 374.2
7.81027 18879.8 18377.6 502.2
7.81595 19289.7 18710 579.7
7.82163 19797.4 19171.8 625.6
7.82731 20493.8 19814.6 679.2
7.83299 21453.3 20703.8 749.5
7.83867 22612.8 21918.1 694.7
7.84435 24001.5 23542 459.5
7.85002 25791.9 25644.7 147.2
7.8557 27924.4 28249.6 -325.2
7.86138 30678.5 31281.7 -603.2
7.86706 33800.1 34603.3 -803.2
7.87274 37037.5 37923.8 -886.3
7.87842 40032 40880.7 -848.7
7.8841 42545.9 43089.9 -544
7.88977 44472 44232.8 239.2
7.89545 45089.6 44139.1 950.5
7.90113 44132.5 42834.4 1298.1
7.90681 41586.1 40533.9 1052.2
7.91249 38247 37584.4 662.6
7.91817 34498.2 34377.1 121.1
7.92384 30524.4 31263.8 -739.4
7.92952 27331.7 28501.9 -1170.2
7.9352 25073.9 26235.1 -1161.2
7.94088 23634.7 24506.7 -872
7.94656 22841.6 23289.1 -447.5
7.95223 22394.3 22522.1 -127.8
7.95791 22422.4 22141.7 280.7
7.96359 22717.3 22100 617.3
7.96927 23382.1 22374.3 1007.8
7.97495 24346 22972.4 1373.6
7.98062 25626 23940.2 1685.8
7.9863 27179.2 25371.7 1807.5
7.99198 29580.4 27423.9 2156.5
7.99766 32771.8 30340.2 2431.6
8.00334 37057.7 34484.8 2572.9
8.00901 42915 40388.3 2526.7
8.01469 50243.4 48800.5 1442.9
8.02037 60913.3 60707.8 205.5
8.02605 76533 77285.5 -752.5
8.03173 97431.2 99676.7 -2245.5
8.0374 124751 128503 -3752
8.04308 157692 163085 -5393
8.04876 193836 200572 -6736
8.05444 229908 235604 -5696
8.06012 260865 261219 -354
8.06579 274084 271198 2886
8.07147 265600 262859 2741
8.07715 240674 238463 2211
8.08283 204611 204160 451
8.0885 164348 167147 -2799
8.09418 128577 133107 -4530
8.09986 100878 105124 -4246
8.10554 81800 84026.4 -2226.4
8.11121 68911.5 69304.1 -392.6
8.11689 60660.6 59968.8 691.8
8.12257 55987.3 55076.4 910.9
8.12825 55217.3 53944.8 1272.5
8.13392 57446.3 56174.8 1271.5
8.1396 62366.8 61563.5 803.3
8.14528 68881.1 69935.5 -1054.4
8.15096 78743.3 80931.9 -2188.6
8.15663 90809.6 93762.8 -2953.2
8.16231 103825 107073 -3248
8.16799 116121 118972 -2851
8.17366 125657 127370 -1713
8.17934 130535 130541 -6
8.18502 130847 127706 3141
8.1907 123346 119323 4023
8.19637 110239 106918 3321
8.20205 93658.4 92514.6 1143.8
8.20773 77837.5 78021.5 -184
8.21341 64179.7 64812 -632.3
8.21908 51958.3 53610.5 -1652.2
8.22476 42276.8 44595.7 -2318.9
8.23044 35326.5 37602.8 -2276.3
8.23611 30397.2 32307.3 -1910.1
8.24179 26888.7 28350.7 -1462
8.24747 24445.7 25409.1 -963.4
8.25314 22572.4 23218.5 -646.1
8.25882 21165.8 21576.1 -410.3
8.2645 20027.7 20331.6 -303.9
8.27018 19220.8 19375.8 -155
8.27585 18561.1 18630.1 -69
8.28153 18115.7 18039 76.7
8.28721 17725.7 17563.5 162.2
8.29288 17382.5 17175.3 207.2
8.29856 17034.5 16853.3 181.2
8.30424 16796.5 16581.9 214.6
8.30991 16576 16350.1 225.9
8.31559 16402 16150.4 251.6
8.32127 16217.6 15976.7 240.9
8.32694 16105.7 15823.8 281.9
8.33262 15951.3 15687.8 263.5
8.3383 15812.6 15565.6 247
8.34397 15679.6 15455.7 223.9
8.34965 15597.1 15356.5 240.6
8.35533 15526.7 15266.5 260.2
8.361 15408.9 15183.9 225
8.36668 15320.7 15107.8 212.9
8.37236 15244.5 15038 206.5
8.37803 15193.5 14974.2 219.3
8.38371 15164.7 14915.9 248.8
8.38938 15075.4 14862 213.4
8.39506 15024.3 14812.3 212
8.40074 14968.5 14766.9 201.6
8.40641 14902.4 14726.1 176.3
8.41209 14864.3 14691.6 172.7
8.41777 14826.5 14659.7 166.8
8.42344 14778.4 14632 146.4
8.42912 15363.6 14608.9 754.7
8.4348 14650.7 14590.9 59.8
8.44047 14661.1 14578.7 82.4
8.44615 14655.5 14572.6 82.9
8.45182 14616 14573.5 42.5
8.4575 14598 14583.7 14.3
8.46318 14576.3 14605.8 -29.5
8.46885 14573.7 14643.3 -69.6
8.47453 14588.2 14700.7 -112.5
8.4802 14638.4 14785 -146.6
8.48588 14687 14907.2 -220.2
8.49156 14802.3 15083.8 -281.5
8.49723 14989.5 15339.5 -350
8.50291 15243.2 15711.3 -468.1
8.50858 15689.9 16255.6 -565.7
8.51426 16329 17057.4 -728.4
8.51994 17395.1 18238.6 -843.5
8.52561 19112.9 19961.4 -848.5
8.53129 21898.9 22412.9 -514
8.53696 25548.7 25751.8 -203.1
8.54264 30341.4 29990.1 351.3
8.54832 35363.9 34832.2 531.7
8.55399 40182.9 39553.6 629.3
8.55967 43373.3 43086.8 286.5
8.56534 44279.7 44408.8 -129.1
8.57102 42456.5 43079 -622.5
8.57669 38611.2 39509.6 -898.4
8.58237 34584.4 34727.1 -142.7
8.58804 29701.2 29829.5 -128.3
8.59372 25544 25560.1 -16.1
8.5994 22234 22211.7 22.3
8.60507 19847.9 19756.7 91.2
8.61075 18197.5 18026.6 170.9
8.61642 16952 16829.4 122.6
8.6221 16109.5 16002.1 107.4
8.62777 15499.3 15433.1 66.2
8.63345 15096.1 15027 69.1
8.63912 14762.1 14734.6 27.5
8.6448 14593.3 14519.5 73.8
8.65047 14404.2 14357.6 46.6
8.65615 14286.4 14232.6 53.8
8.66183 14147 14134.2 12.8
8.6675 14099.5 14055.4 44.1
8.67318 14050.9 13991.1 59.8
8.67885 14006.6 13937.6 69
8.68453 13932 13892.1 39.9
8.6902 13900.8 13853.1 47.7
8.69588 13856 13819.5 36.5
8.70155 13842.9 13790.2 52.7
8.70723 13838.4 13764.2 74.2
8.7129 13804.3 13740.9 63.4
8.71858 13763.9 13719.8 44.1
8.72425 13759.9 13700.9 59
8.72993 13750.3 13684 66.3
8.7356 13726.9 13668.6 58.3
8.74128 13695.6 13654.4 41.2
8.74695 13731.3 13641.3 90
8.75263 13670.8 13629.6 41.2
8.7583 13627.7 13619.1 8.6
8.76398 13629 13609.7 19.3
8.76965 13617.6 13601.1 16.5
8.77533 13585.4 13593.5 -8.1
8.781 13601.6 13587 14.6
8.78668 13586 13581.9 4.1
8.79235 13577.3 13577.5 -0.2
8.79803 13549.5 13578.2 -28.7
8.8037 13594.3 13584.9 9.4
8.80937 13599.9 13597.3 2.6
8.81505 13621.4 13614.9 6.5
8.82072 13626.6 13637 -10.4
8.8264 13689.3 13663.2 26.1
8.83207 13710.1 13693.2 16.9
8.83775 13706.9 13727.3 -20.4
8.84342 13762.7 13765.8 -3.1
8.8491 13807.2 13809.1 -1.9
8.85477 13884.7 13857.9 26.8
8.86045 13935.5 13914 21.5
8.86612 14063.7 13986 77.7
8.87179 14135.9 14033.6 102.3
8.87747 14303.8 14132.1 171.7
8.88314 14438.9 14259.2 179.7
8.88882 14684.6 14428.4 256.2
8.89449 14910 14657.5 252.5
8.90017 15286.4 14971.3 315.1
8.90584 15830.9 15404.4 426.5
8.91151 16426.6 16003.8 422.8
8.91719 17331.7 16831.1 500.6
8.92286 18343.4 17982.6 360.8
8.92854 19745.4 19537.2 208.2
8.93421 21686.1 21613.9 72.2
8.93989 24155.7 24308.9 -153.2
8.94556 27270.4 27666.9 -396.5
8.95123 30978.7 31625.2 -646.5
8.95691 34752.7 35954.3 -1201.6
8.96258 38840 40227.5 -1387.5
8.96826 42815 43858.9 -1043.9
8.97393 45770.7 46230.1 -459.4
8.9796 47312.3 46878.4 433.9
8.98528 47075 45661.5 1413.5
8.99095 44516.4 42819.2 1697.2
8.99663 39973.2 38877.8 1095.4
9.0023 34843.1 34467.7 375.4
9.00797 29959.7 30143.1 -183.4
9.01365 25519.6 26278.1 -758.5
9.01932 22239.5 23051.1 -811.6
9.02499 19646.4 20487.1 -840.7
9.03067 17579.8 18515.3 -935.5
9.03634 16226.8 17031.9 -805.1
9.04202 15299.3 15930.1 -630.8
9.04769 14641.9 15116.1 -474.2
9.05336 14188.1 14513.8 -325.7
9.05904 13795.2 14065.2 -270
9.06471 13501.7 13728 -226.3
9.07038 13290.7 13471.7 -181
9.07606 13111.4 13274.6 -163.2
9.08173 13015.8 13120.9 -105.1
9.0874 12902.9 12999.4 -96.5
9.09308 12832.1 12902 -69.9
9.09875 12753.4 12823 -69.6
9.10442 12722.2 12758.5 -36.3
9.1101 12685 12705.2 -20.2
9.11577 12668.9 12660.6 8.3
9.12144 12627.5 12622.8 4.7
9.12712 12635.3 12590.8 44.5
9.13279 12589.8 12563.6 26.2
9.13846 12574.1 12540.4 33.7
9.14414 12559.2 12520.5 38.7
9.14981 12484.6 12503 -18.4
9.15548 12500.5 12487.9 12.6
9.16116 12460.6 12475 -14.4
9.16683 12436.9 12464.1 -27.2
9.1725 12417.4 12454.7 -37.3
9.17818 12378.9 12446.5 -67.6
9.18385 12354.6 12439.5 -84.9
9.18952 12367.4 12433.8 -66.4
9.1952 12355.8 12429.5 -73.7
9.20087 12366.4 12426.1 -59.7
9.20654 12369.6 12423.5 -53.9
9.21221 12357.3 12421.8 -64.5
9.21789 12366.3 12421.3 -55
9.22356 12419.9 12421.9 -2
9.22923 12400.3 12423.5 -23.2
9.23491 12409.5 12425.9 -16.4
9.24058 12415.9 12429.3 -13.4
9.24625 12417.5 12434 -16.5
9.25192 12428.8 12440.2 -11.4
9.2576 12443.3 12447.7 -4.4
9.26327 12470.1 12456.6 13.5
9.26894 12462.6 12467 -4.4
9.27461 12489.6 12479.6 10
9.28029 12503.6 12494.6 9
9.28596 12506.3 12512.4 -6.1
9.29163 12560.5 12533.1 27.4
9.2973 12580.6 12557.6 23
9.30298 12603.7 12586.8 16.9
9.30865 12662.4 12622.1 40.3
9.31432 12731.3 12664.8 66.5
9.31999 12771.7 12716.7 55
9.32567 12830.9 12780.4 50.5
9.33134 12920.4 12860.1 60.3
9.33701 13025.2 12961.3 63.9
9.34268 13174.2 13091.5 82.7
9.34836 13362.1 13261.1 101
9.35403 13583.7 13486.3 97.4
9.3597 13930.7 13790.9 139.8
9.36537 14354.1 14210.2 143.9
9.37105 14935.5 14796 139.5
9.37672 15784.2 15624.1 160.1
9.38239 17054.3 16802.9 251.4
9.38806 18880.6 18481.9 398.7
9.39373 21394.2 20845.3 548.9
9.39941 24738 24085.9 652.1
9.40508 28773.2 28333.3 439.9
9.41075 34042.9 33527.9 515
9.41642 39560.7 39268.2 292.5
9.42209 44309.3 44727.8 -418.5
9.42777 47944.5 48786.6 -842.1
9.43344 49331.6 50418.2 -1086.6
9.43911 47438.7 49168.2 -1729.5
9.44478 43932.8 45394.2 -1461.4
9.45045 39076.9 40078.1 -1001.2
9.45613 34024 34357.3 -333.3
9.4618 29160.7 29101.7 59
9.46747 25400.8 24757.8 643
9.47314 22096 21415.4 680.6
9.47881 19555.6 18961.7 593.9
9.48448 17698.7 17209.2 489.5
9.49016 16362.6 15973.2 389.4
9.49583 15438.5 15103 335.5
9.5015 14822.7 14487 335.7
9.50717 14341.3 14046.4 294.9
9.51284 13959.4 13727.3 232.1
9.51851 13682.4 13492.5 189.9
9.52419 13496.6 13316.9 179.7
9.52986 13360.8 13183.4 177.4
9.53553 13218.1 13080.6 137.5
9.5412 13125.7 13000.9 124.8
9.54687 13034 12938.2 95.8
9.55254 12946.7 12888.2 58.5
9.55821 12892.5 12847.9 44.6
9.56389 12833.1 12815.4 17.7
9.56956 12836 12792.8 43.2
9.57523 12773.8 12759.6 14.2
9.5809 12790.4 12742.5 47.9
9.58657 12769.2 12728.6 40.6
9.59224 12790.3 12717.4 72.9
9.59791 12773.1 12708.5 64.6
9.60358 12757.6 12701.6 56
9.60925 12723.7 12696.3 27.4
9.61493 12735.5 12692.4 43.1
9.6206 12692.2 12689.7 2.5
9.62627 12692.5 12687.9 4.6
9.63194 12710.4 12687.2 23.2
9.63761 12712.5 12687.3 25.2
9.64328 12704.1 12688.1 16
9.64895 12682.3 12689.4 -7.1
9.65462 12690.8 12691.2 -0.4
9.66029 12713.7 12693.6 20.1
9.66596 12707.4 12696.5 10.9
9.67164 12706.6 12699.6 7
9.67731 12723.8 12703.1 20.7
9.68298 12710.5 12707.3 3.2
9.68865 12733.2 12712 21.2
9.69432 12753.9 12717.5 36.4
9.69999 12757.7 12723.4 34.3
9.70566 12757.1 12729.9 27.2
9.71133 12770 12736.8 33.2
9.717 12763.5 12744.3 19.2
9.72267 12764.8 12752.4 12.4
9.72834 12795.9 12761 34.9
9.73401 12819.4 12770.1 49.3
9.73968 12805.7 12779.6 26.1
9.74535 12856.9 12789.6 67.3
9.75102 12902.2 12800.2 102
9.75669 12878.7 12811.3 67.4
9.76236 12884.2 12822.8 61.4
9.76804 12893.3 12834.7 58.6
9.77371 12919.6 12847.1 72.5
9.77938 12940.3 12860 80.3
9.78505 12918.6 12873.4 45.2
9.79072 12934.6 12887.2 47.4
9.79639 12947 12901.4 45.6
9.80206 12958 12916.1 41.9
9.80773 12988.3 12931.2 57.1
9.8134 12991.9 12946.9 45
9.81907 13002.2 12962.9 39.3
9.82474 13010.1 12979.3 30.8
9.83041 13016.8 12996.3 20.5
9.83608 13045.3 13013.7 31.6
9.84175 13031.6 13031.7 -0.1
9.84742 13039.8 13050.2 -10.4
9.85309 13078.9 13069.1 9.8
9.85876 13084.2 13088.6 -4.4
9.86443 13109.8 13108.6 1.2
9.8701 13132.9 13129.3 3.6
9.87577 13121.4 13150.6 -29.2
9.88144 13148.9 13172.4 -23.5
9.88711 13174 13194.8 -20.8
9.89278 13223 13217.9 5.1
9.89845 13237.1 13241.8 -4.7
9.90412 13263.8 13266.3 -2.5
9.90979 13288.5 13291.5 -3
9.91546 13315 13317.4 -2.4
9.92112 13340.8 13344.7 -3.9
9.92679 13378.9 13371 7.9
9.93246 13386.4 13399.6 -13.2
9.93813 13423.2 13429.3 -6.1
9.9438 13458.4 13460 -1.6
9.94947 13474.8 13491.9 -17.1
9.95514 13504.4 13525.3 -20.9
9.96081 13544.6 13560.1 -15.5
9.96648 13564.5 13596.4 -31.9
9.97215 13626.3 13634.5 -8.2
9.97782 13655.2 13674.6 -19.4
9.98349 13701.1 13717 -15.9
9.98916 13775.9 13762.1 13.8
9.99483 13828.4 13810.1 18.3
10.0005 13894.2 13861.6 32.6
10.0062 13941.2 13917.1 24.1
10.0118 14010.8 13977.3 33.5
10.0175 14078.3 14043 35.3
10.0232 14142.4 14115.2 27.2
10.0288 14243.7 14195.2 48.5
10.0345 14346.7 14284.7 62
10.0402 14448.6 14385.9 62.7
10.0459 14596.6 14501.6 95
10.0515 14732.3 14635.1 97.2
10.0572 14869.6 14791.4 78.2
10.0629 15111.3 14976.9 134.4
10.0685 15312.6 15200.3 112.3
10.0742 15549.7 15473.2 76.5
10.0799 15895.4 15811.8 83.6
10.0855 16293.6 16238.6 55
10.0912 16792.8 16784.5 8.3
10.0969 17431.3 17498.8 -67.5
10.1025 18229 18417 -188
10.1082 19276.7 19657.2 -380.5
10.1139 20753.3 21318.2 -564.9
10.1195 22731.8 23548.7 -816.9
10.1252 25392.9 26535.6 -1142.7
10.1309 28948.8 30493.7 -1544.9
10.1366 33410.9 35634.1 -2223.2
10.1422 39261.5 42105.5 -2844
10.1479 46965.1 49897.1 -2932
10.1536 56263.9 58722.7 -2458.8
10.1592 66676.9 67925.3 -1248.4
10.1649 76708.1 76481.5 226.6
10.1706 84733.4 83162.2 1571.2
10.1762 89544.3 86842.1 2702.2
10.1819 90438 86856.6 3581.4
10.1876 86165.2 83227.1 2938.1
10.1932 78052.7 76661.6 1391.1
10.1989 68031.4 68287.8 -256.4
10.2046 58625 59304.3 -679.3
10.2102 48992.5 50693.7 -1701.2
10.2159 41043.9 43068.3 -2024.4
10.2216 34734.2 36722 -1987.8
10.2272 29969.9 31661.8 -1691.9
10.2329 26480.1 27752.5 -1272.4
10.2386 23965.7 24797.1 -831.4
10.2442 22131.7 22593.4 -461.7
10.2499 20679.2 20962.9 -283.7
10.2556 19585.8 19759.9 -174.1
10.2613 18785.3 18872.4 -87.1
10.2669 18214.5 18217 -2.5
10.2726 17763.8 17732.8 31
10.2783 17438.3 17376 62.3
10.2839 17169.5 17115.1 54.4
10.2896 16993.5 16927.7 65.8
10.2953 16843.7 16798.2 45.5
10.3009 16747.7 16715.9 31.8
10.3066 16705.2 16673.6 31.6
10.3123 16679.9 16667 12.9
10.3179 16674.2 16694.2 -20
10.3236 16757.4 16755.6 1.8
10.3293 16864.4 16853.5 10.9
10.3349 16985.5 16992.4 -6.9
10.3406 17144.7 17179.4 -34.7
10.3463 17363.4 17424.2 -60.8
10.3519 17657.9 17740.2 -82.3
10.3576 18024.5 18146.2 -121.7
10.3633 18495.9 18663.2 -167.3
10.3689 19076.5 19316.2 -239.7
10.3746 19839.3 20133.2 -293.9
10.3803 20750.2 21143.5 -393.3
10.3859 21778 22374 -596
10.3916 23138.6 23843.9 -705.3
10.3973 24785.7 25557.2 -771.5
10.4029 26746.5 27493.9 -747.4
10.4086 28910.1 29601.7 -691.6
10.4143 31262.8 31791.1 -528.3
10.4199 33573.2 33936.2 -363
10.4256 35804.9 35883.6 -78.7
10.4313 37878 37470.7 407.3
10.4369 39348.2 38552 796.2
10.4426 40039.2 39024 1015.2
10.4483 39812.1 38845.6 966.5
10.4539 38843.3 38046.2 797.1
10.4596 37306.6 36718.1 588.5
10.4653 35132.7 35001.1 131.6
10.4709 32750 33054.5 -304.5
10.4766 30395.9 31033 -637.1
10.4823 28257.4 29067.5 -810.1
10.4879 26464.6 27255.5 -790.9
10.4936 24959.3 25657.9 -698.6
10.4993 23710 24303.9 -593.9
10.5049 22627.2 23198.5 -571.3
10.5106 21934.1 22330.6 -396.5
10.5163 21430.1 21681.1 -251
10.5219 21090 21228.6 -138.6
10.5276 20967.7 20953.5 14.2
10.5333 20992.6 20841 151.6
10.5389 21169.7 20882.9 286.8
10.5446 21506.9 21081.6 425.3
10.5503 22020.2 21446.8 573.4
10.5559 22666.3 21998.1 668.2
10.5616 23519.5 22767.1 752.4
10.5673 24575.7 23798.4 777.3
10.5729 25947.4 25151.2 796.2
10.5786 27680.2 26901.9 778.3
10.5843 29888.2 29141.2 747
10.5899 32495.7 31973.2 522.5
10.5956 35674.6 35508.8 165.8
10.6013 39354.3 39847.4 -493.1
10.6069 43706.6 45070.6 -1364
10.6126 49255.1 51196.2 -1941.1
10.6183 55760.9 58156 -2395.1
10.6239 63033.5 65761.2 -2727.7
10.6296 70854.6 73682.4 -2827.8
10.6353 79055.9 81449.8 -2393.9
10.6409 86297.1 88487.8 -2190.7
10.6466 93969 94187.3 -218.3
10.6523 99503.1 97998.9 1504.2
10.6579 101917 99532.1 2384.9
10.6636 101878 98630.8 3247.2
10.6693 98716.7 95402.2 3314.5
10.6749 92968.3 90200.1 2768.2
10.6806 84967.7 83544.3 1423.4
10.6863 76112.9 76028.2 84.7
10.6919 67312.9 68224.3 -911.4
10.6976 59041.5 60615.4 -1573.9
10.7033 51756 53553.5 -1797.5
10.7089 45723 47253.9 -1530.9
10.7146 40467.3 41811.7 -1344.4
10.7203 35807.1 37230 -1422.9
10.7259 32148.4 33451.9 -1303.5
10.7316 29249.9 30385.9 -1136
10.7373 27007.1 27927.2 -920.1
10.7429 25297.5 25972.5 -675
10.7486 23977.1 24427.8 -450.7
10.7543 22876.7 23211.9 -335.2
10.7599 22017.2 22257.7 -240.5
10.7656 21377.6 21510.3 -132.7
10.7713 20865.3 20926.9 -61.6
10.7769 20470.5 20473.8 -3.3
10.7826 20200.3 20125.5 74.8
10.7883 20039.7 19863 176.7
10.7939 19883.7 19672.6 211.1
10.7996 19762.4 19542.6 219.8
10.8052 19734.1 19466 268.1
10.8109 19726.8 19439.1 287.7
10.8166 19750.2 19461 289.2
10.8222 19964.1 19533.2 430.9
10.8279 20125.5 19660.1 465.4
10.8336 20349.1 19849.1 500
10.8392 20638.7 20112.1 526.6
10.8449 21016.9 20465.7 551.2
10.8506 21494.6 20934 560.6
10.8562 22078.2 21550.3 527.9
10.8619 22976.4 22361.6 614.8
10.8676 24049.4 23435.2 614.2
10.8732 25498.5 24865.3 633.2
10.8789 27305.5 26785.9 519.6
10.8846 29728.9 29386.4 342.5
10.8902 32483.1 32929.6 -446.5
10.8959 37014.1 37779 -764.9
10.9016 43034.1 44404.5 -1370.4
10.9072 51227 53376.1 -2149.1
10.9129 62045.2 65302 -3256.8
10.9185 76072.8 80677.2 -4604.4
10.9242 92883.4 99628.6 -6745.2
10.9299 112617 121567 -8950
10.9355 138017 144897 -6880
10.9412 163186 166983 -3797
10.9469 185190 184556 634
10.9525 198945 194569 4376
10.9582 201813 195168 6645
10.9639 192186 186385 5801
10.9695 178917 170042 8875
10.9752 154043 149069 4974
10.9809 126785 126548 237
10.9865 101794 104985 -3191
10.9922 80987.2 85942 -4954.8
10.9978 64848.7 70091.3 -5242.6
11.0035 53264.1 57453.5 -4189.4
11.0092 44186.2 47678.3 -3492.1
11.0148 37081.3 40263.5 -3182.2
11.0205 32162.6 34708.1 -2545.5
11.0262 28557.6 30562.6 -2005
11.0318 25979.2 27466.8 -1487.6
11.0375 24114.5 25143.3 -1028.8
11.0432 22795.5 23385.5 -590
11.0488 21616.1 22042.3 -426.2
11.0545 20715.1 21003.7 -288.6
11.0601 20022.3 20191 -168.7
11.0658 19453.9 19547.3 -93.4
11.0715 19011.2 19031.4 -20.2
11.0771 18694 18613.3 80.7
11.0828 18403.2 18270.9 132.3
11.0885 18128 17987.8 140.2
11.0941 17887.7 17751.9 135.8
11.0998 17673.8 17553.8 120
11.1055 17522.8 17386.6 136.2
11.1111 17386.6 17244.7 141.9
11.1168 17292.7 17124 168.7
11.1225 17177.3 17021.2 156.1
11.1281 17093.1 16933.6 159.5
11.1338 17018.5 16869.4 149.1
11.1394 17120.7 16796.6 324.1
11.1451 16913.8 16796.6 117.2
11.1508 16873.3 16796.6 76.7
11.1564 16877.7 16796.6 81.1
11.1621 16888 16796.6 91.4
11.1678 16914.9 16796.6 118.3
11.1734 16952.8 16796.6 156.2
11.1791 17039.5 16796.6 242.9
11.1847 17112.4 16796.6 315.8
11.1904 17293.8 16796.6 497.2
11.1961 17465.4 16796.6 668.8
11.2017 17710.4 16796.6 913.8
11.2074 18055 16796.6 1258.4
11.2131 18441.6 16796.6 1645
11.2187 18927.9 16796.6 2131.3
11.2244 19532.4 16796.6 2735.8
11.2301 20391.9 16796.6 3595.3
11.2357 21395.4 16796.6 4598.8
11.2414 22654.7 16796.6 5858.1
11.247 24109.6 16796.6 7313
11.2527 25790.1 16796.6 8993.5
11.2584 27534.8 16796.6 10738.2
11.264 29682 16796.6 12885.4
11.2697 31917.9 16796.6 15121.3
11.2754 33998.5 16796.6 17201.9
11.281 35731.9 16796.6 18935.3
11.2867 36790.1 16796.6 19993.5
11.2923 37121.3 16796.6 20324.7
11.298 36739.6 16796.6 19943
11.3037 35608 16796.6 18811.4
11.3093 33867.5 16796.6 17070.9
11.315 31823.3 16796.6 15026.7
11.3207 31611.6 16796.6 14815
11.3263 28091.2 16796.6 11294.6
11.332 26714.7 16796.6 9918.1
11.3376 25636.8 16796.6 8840.2
11.3433 24954.5 16796.6 8157.9
11.349 24815.5 16796.6 8018.9
11.3546 25336.1 16796.6 8539.5
11.3603 26544.1 16796.6 9747.5
