1.0,  'SS316L', [1.0000000e+03 7.3210142e+14 2.4600000e+00]
2.0,  'SS316L', [1.00000000e+03 8.32740016e+14 2.46000000e+00]
3.0,  'SS316L', [1.0000000e+03 7.5319424e+14 2.4600000e+00]
4.0,  'SS316L', [1.00000000e+03 6.81355508e+14 2.46000000e+00]
5.0,  'SS316L', [1.00000000e+03 8.03720319e+14 2.46000000e+00]
6.0,  'SS316L', [1.0000000e+03 7.2779313e+14 2.4600000e+00]
8.0,  'SS316L', [1.00000000e+03 8.89032716e+14 2.46000000e+00]
9.0,  'SS316L', [1.00000000e+03 7.41050918e+14 2.46000000e+00]
10.0,  'SS316L', [1.00000000e+03 7.42318065e+14 2.46000000e+00]
11.0,  'SS316L', [1.0000000e+03 7.5166469e+14 2.4600000e+00]
12.0,  'SS316L', [1.00000000e+03 7.72179561e+14 2.46000000e+00]
13.0,  'SS316L', [1.0000000e+03 8.9100107e+14 2.4600000e+00]
14.0,  'SS316L', [1.00000000e+03 1.04191728e+15 2.46000000e+00]
15.0,  'SS316L', [1.00000000e+03 7.97738086e+14 2.46000000e+00]
16.0,  'SS316L', [1.00000000e+03 8.20119217e+14 2.46000000e+00]
17.0,  'SS316L', [1.00000000e+03 8.06517448e+14 2.46000000e+00]
18.0,  'SS316L', [1.00000000e+03 1.07278988e+15 2.46000000e+00]
19.0,  'SS316L', [1.00000000e+03 8.29151452e+14 2.46000000e+00]
20.0,  'SS316L', [1.00000000e+03 7.54122122e+14 2.46000000e+00]
21.0,  'SS316L', [1.00000000e+03 8.00385978e+14 2.46000000e+00]
22.0,  'SS316L', [1.00000000e+03 1.26617463e+15 2.46000000e+00]
23.0,  'SS316L', [1.00000000e+03 9.05224345e+14 2.46000000e+00]
24.0,  'SS316L', [1.00000000e+03 7.36587318e+14 2.46000000e+00]
25.0,  'SS316L', [1.00000000e+03 1.94850035e+15 2.46000000e+00]
26.0,  'SS316L', [1.00000000e+03 7.92813475e+14 2.46000000e+00]
28.0,  'SS316L', [1.00000000e+03 1.00767212e+15 2.46000000e+00]
