pattern_number, centre, delta_centre, fwhm, delta_fwhm, left_hwhm, delta_left_hwhm, right_hwhm, delta_right_hwhm, height, delta_height, lshape, delta_lshape, rshape, delta_rshape, info
1, 4.81421, 7.35587e-06, 0.00714797, 1.1071989707265807e-05, 0.00396599, 7.94747e-06, 0.00318198, 7.70887e-06, 952.669, 1.11602, 1.46031, 0.00337261, 1.47222, 0.00411133, 'SS316L'
1, 5.55904, 4.62429e-05, 0.01293651, 6.958202845059923e-05, 0.00710076, 5.04791e-05, 0.00583575, 4.78907e-05, 63.434, 0.216534, 1.44888, 0.0139727, 1.50208, 0.0170948, 'SS316L'
1, 7.85882, 5.04737e-05, 0.01227058, 7.781479126445048e-05, 0.00714391, 5.75448e-05, 0.00512667, 5.23807e-05, 46.7962, 0.190822, 1.41153, 0.0155556, 1.40437, 0.0190869, 'SS316L'
1, 9.21197, 9.79239e-05, 0.017194760000000003, 0.00015320524601005018, 0.00930002, 0.000110766, 0.00789474, 0.000105843, 20.3386, 0.107923, 1.25178, 0.01985, 1.49631, 0.0324385, 'SS316L'
1, 9.62327, 8.00927e-05, 0.01194485, 0.00012634010852714193, 0.00700186, 9.19883e-05, 0.00494299, 8.66024e-05, 20.2983, 0.129755, 1.3124, 0.0245515, 1.32588, 0.0321113, 'SS316L'
1, 11.1124, 0.000960787, 0.0247256, 0.001761337840421309, 0.0135092, 0.00127059, 0.0112164, 0.0012198, 0.774516, 0.0221273, 1.24666, 0.25811, 1.57711, 0.476365, 'SS316L'
1, 12.1077, 0.000127589, 0.01719291, 0.00020247861982194564, 0.00970921, 0.000147534, 0.0074837, 0.000138677, 12.4291, 0.0837066, 1.33466, 0.0323434, 1.3946, 0.0418528, 'SS316L'
1, 12.4211, 0.000381807, 0.022047900000000002, 0.0006501497668545302, 0.0118419, 0.000470354, 0.010206, 0.000448845, 2.47987, 0.0365414, 1.02314, 0.0641743, 1.50504, 0.156587, 'SS316L'
2, 4.81516, 1.1272e-05, 0.00727682, 1.6265964972912e-05, 0.0040213, 1.23293e-05, 0.00325552, 1.06099e-05, 303.529, 0.453993, 1.50903, 0.0056932, 1.57035, 0.00676887, 'SS316L'
2, 5.56089, 1.7578e-05, 0.01338554, 2.61213391425478e-05, 0.00755754, 1.92386e-05, 0.005828, 1.76692e-05, 211.497, 0.283723, 1.40932, 0.0042584, 1.44402, 0.00524429, 'SS316L'
2, 7.8585, 2.94418e-05, 0.012505220000000001, 4.495903055293786e-05, 0.00723716, 3.30175e-05, 0.00526806, 3.05149e-05, 72.7287, 0.17357, 1.38476, 0.00801037, 1.32363, 0.00898035, 'SS316L'
2, 9.21531, 4.61168e-05, 0.01719179, 7.043667311422366e-05, 0.00993714, 5.14752e-05, 0.00725465, 4.80794e-05, 45.127, 0.116023, 1.46337, 0.0109873, 1.45055, 0.0133065, 'SS316L'
2, 9.62246, 7.20163e-05, 0.012249719999999999, 0.0001131318414126191, 0.00672518, 8.2269e-05, 0.00552454, 7.76571e-05, 15.3564, 0.0821172, 1.297, 0.0229159, 1.41685, 0.031436, 'SS316L'
2, 11.115, 0.000181261, 0.0233287, 0.00029741859792050665, 0.0128153, 0.00021507, 0.0105134, 0.000205433, 5.26506, 0.0361615, 1.22912, 0.0347079, 1.37923, 0.0503565, 'SS316L'
2, 12.1076, 6.30259e-05, 0.01676028, 9.966419247312446e-05, 0.00984609, 7.36554e-05, 0.00691419, 6.71404e-05, 23.4436, 0.0855041, 1.24993, 0.0125544, 1.23784, 0.0153136, 'SS316L'
2, 12.4253, 0.000231477, 0.0228065, 0.00039130864680581744, 0.0126898, 0.000286016, 0.0101167, 0.000267053, 3.4169, 0.0305814, 1.0431, 0.0364045, 1.36448, 0.0725271, 'SS316L'
3, 4.81451, 8.82544e-06, 0.00712818, 1.3168634274020218e-05, 0.00386649, 9.66427e-06, 0.00326169, 8.9451e-06, 1377.31, 1.92937, 1.48025, 0.00425586, 1.52348, 0.00508112, 'SS316L'
3, 5.56166, 3.90334e-05, 0.01276581, 5.8029967107521266e-05, 0.00741635, 4.28639e-05, 0.00534946, 3.91173e-05, 163.114, 0.503144, 1.39865, 0.00965573, 1.33741, 0.0107416, 'SS316L'
3, 7.86069, 3.88238e-05, 0.011307580000000001, 5.802522392821935e-05, 0.00650427, 4.21746e-05, 0.00480331, 3.98526e-05, 140.767, 0.492751, 1.39121, 0.0107593, 1.33671, 0.0122184, 'SS316L'
3, 9.21515, 9.43629e-05, 0.01683898, 0.0001449999479108872, 0.00932978, 0.000105271, 0.0075092, 9.97146e-05, 40.7683, 0.220599, 1.2625, 0.0173511, 1.43795, 0.0266625, 'SS316L'
3, 9.6218, 3.31016e-05, 0.01141095, 4.9534350478127806e-05, 0.00652746, 3.66935e-05, 0.00488349, 3.32752e-05, 186.46, 0.558753, 1.40088, 0.00930589, 1.40059, 0.0111963, 'SS316L'
3, 11.1163, 0.00032779, 0.02423, 0.0005309508254537326, 0.014045, 0.000389479, 0.010185, 0.000360853, 6.37471, 0.0753817, 1.44372, 0.0785056, 1.49391, 0.103506, 'SS316L'
3, 12.1079, 0.00019934, 0.01744745, 0.0003259129044668222, 0.0104322, 0.000241043, 0.00701525, 0.000219357, 10.3238, 0.112636, 1.2049, 0.0415057, 1.13758, 0.0470629, 'SS316L'
3, 12.4249, 0.000150003, 0.01924753, 0.00023810937451935825, 0.0105166, 0.000173145, 0.00873093, 0.000163453, 18.9939, 0.141674, 1.17617, 0.0249544, 1.30984, 0.0350887, 'SS316L'
4, 4.81418, 7.56117e-06, 0.00686694, 1.146634754277054e-05, 0.00383164, 8.15904e-06, 0.0030353, 8.0565e-06, 830.658, 1.04975, 1.47837, 0.00373223, 1.45083, 0.00437172, 'SS316L'
4, 5.56044, 3.48041e-05, 0.012742139999999999, 5.309524850398574e-05, 0.00749837, 3.95189e-05, 0.00524377, 3.54593e-05, 91.9578, 0.258581, 1.39754, 0.00933519, 1.33863, 0.0105917, 'SS316L'
4, 7.8587, 5.52433e-05, 0.011897910000000001, 8.575504899147339e-05, 0.00678132, 6.28193e-05, 0.00511659, 5.83752e-05, 37.294, 0.171169, 1.3571, 0.016908, 1.33569, 0.0196768, 'SS316L'
4, 9.21532, 8.39043e-05, 0.01628786, 0.00013124342424536932, 0.00922086, 9.54798e-05, 0.007067, 9.00469e-05, 24.177, 0.118639, 1.2751, 0.0176208, 1.37502, 0.0248233, 'SS316L'
4, 9.62339, 4.81816e-05, 0.01147382, 7.405200425066158e-05, 0.00661952, 5.38775e-05, 0.0048543, 5.08027e-05, 46.6716, 0.1928, 1.35487, 0.0144705, 1.36516, 0.0182608, 'SS316L'
4, 11.1178, 0.00271286, 0.0241576, 0.004912070076342559, 0.0144168, 0.00313893, 0.0097408, 0.0037783, 0.214697, 0.0215858, 1.0, nan, 1.18883, 0.971736, 'SS316L'
4, 12.1087, 7.30526e-05, 0.01648196, 0.00011621944595174253, 0.00993252, 8.68842e-05, 0.00654944, 7.71887e-05, 28.1183, 0.125577, 1.27328, 0.0149303, 1.19526, 0.0168043, 'SS316L'
4, 12.4245, 0.000143767, 0.02209006, 0.00023149544617767322, 0.0127074, 0.000170024, 0.00938266, 0.000157105, 11.7549, 0.0713675, 1.2784, 0.0266116, 1.30908, 0.0337443, 'SS316L'
5, 4.81377, 6.63108e-06, 0.00678909, 9.620281339529525e-06, 0.00392298, 6.62334e-06, 0.00286611, 6.97719e-06, 973.492, 0.994399, 1.49893, 0.00305368, 1.39579, 0.00345225, 'SS316L'
5, 5.55802, 2.0602e-05, 0.013014040000000001, 3.0701152485370965e-05, 0.00745099, 2.26797e-05, 0.00556305, 2.06928e-05, 195.654, 0.318633, 1.43317, 0.00529246, 1.42715, 0.00628334, 'SS316L'
5, 7.85757, 3.85103e-05, 0.012689559999999999, 5.875582266380073e-05, 0.00766938, 4.37953e-05, 0.00502018, 3.91691e-05, 60.2524, 0.180593, 1.37163, 0.00999742, 1.22635, 0.0103293, 'SS316L'
5, 9.21419, 5.22649e-05, 0.01549892, 8.090836619565371e-05, 0.00899503, 5.98803e-05, 0.00650389, 5.44106e-05, 40.6981, 0.134905, 1.34654, 0.0118535, 1.3193, 0.0138866, 'SS316L'
5, 9.62313, 3.23181e-05, 0.01009409, 4.895838701530107e-05, 0.00575979, 3.52417e-05, 0.0043343, 3.39845e-05, 67.5285, 0.213634, 1.25531, 0.0087471, 1.28129, 0.0112957, 'SS316L'
5, 11.1135, 0.000267294, 0.02553, 0.0004400847625367186, 0.0149975, 0.000323029, 0.0105325, 0.000298876, 3.85871, 0.0342079, 1.47374, 0.0702583, 1.50392, 0.0915025, 'SS316L'
5, 12.1056, 9.52065e-05, 0.01755263, 0.00015229384780745414, 0.0102849, 0.000111808, 0.00726773, 0.000103404, 15.1704, 0.0781569, 1.26693, 0.0202225, 1.2535, 0.0246758, 'SS316L'
5, 12.422, 0.000262591, 0.021817459999999997, 0.00044257642764385904, 0.0122803, 0.000323145, 0.00953716, 0.000302409, 3.36413, 0.0354632, 1.11273, 0.0488402, 1.36327, 0.0868063, 'SS316L'
6, 4.81192, 8.47486e-06, 0.0070836200000000005, 1.2760755458553385e-05, 0.00382834, 9.35033e-06, 0.00325528, 8.68379e-06, 703.278, 0.95852, 1.43605, 0.00393098, 1.48451, 0.00472418, 'SS316L'
6, 5.55569, 0.000105703, 0.01199312, 0.00016800624228879117, 0.00664702, 0.000122702, 0.0053461, 0.000114762, 12.9262, 0.105343, 1.3343, 0.0384084, 1.44291, 0.0518126, 'SS316L'
6, 7.85564, 0.000113073, 0.01239516, 0.00017995005452069193, 0.00677697, 0.000129111, 0.00561819, 0.000125349, 11.804, 0.098584, 1.26959, 0.0359232, 1.36204, 0.0479014, 'SS316L'
6, 9.21146, 7.00225e-05, 0.01620443, 0.00010827919005016614, 0.00897463, 7.88876e-05, 0.0072298, 7.41696e-05, 34.1501, 0.142222, 1.29541, 0.0146167, 1.43967, 0.0211158, 'SS316L'
6, 9.62079, 4.37204e-05, 0.01147825, 6.69894655745215e-05, 0.00661178, 4.86914e-05, 0.00486647, 4.6008e-05, 57.1533, 0.217184, 1.31484, 0.0119174, 1.30962, 0.0146648, 'SS316L'
6, 11.1085, 0.000437572, 0.022349010000000002, 0.0007545392952046964, 0.0124306, 0.000547942, 0.00991841, 0.000518738, 2.01523, 0.0328465, 1.18042, 0.0979243, 1.37006, 0.154461, 'SS316L'
6, 12.1047, 9.8879e-05, 0.01714721, 0.00015757000978929969, 0.00978819, 0.000116023, 0.00735902, 0.000106616, 18.4323, 0.102304, 1.24097, 0.0202164, 1.253, 0.0244948, 'SS316L'
6, 12.42, 0.000201588, 0.0200578, 0.0003327931340187174, 0.0111453, 0.000242843, 0.0089125, 0.000227549, 6.2311, 0.0572521, 1.10347, 0.0352713, 1.30373, 0.0572832, 'SS316L'
7, 4.80901, 4.77617e-05, 0.00777333, 7.159627114151965e-05, 0.0043576, 5.28589e-05, 0.00341573, 4.82904e-05, 5.13064, 0.0439707, 1.0, nan, 1.0, nan, 'SS316L'
7, 5.55374, 0.000382902, 0.01357913, 0.0006970788758024445, 0.00754227, 0.000508453, 0.00603686, 0.000476859, 0.839072, 0.0169666, 1.37041, 0.223977, 1.56072, 0.33476, 'SS316L'
7, 7.85096, 0.000964093, 0.01352712, 0.0017636909754262509, 0.00718257, 0.00106402, 0.00634455, 0.00140658, 0.258186, 0.0167459, 1.0, nan, 1.26278, 0.636054, 'SS316L'
7, 9.20948, 0.000474933, 0.02166916, 0.000853422050685357, 0.0126794, 0.00062359, 0.00898976, 0.000582636, 0.852558, 0.0130223, 1.81763, 0.302571, 1.98371, 0.450174, 'SS316L'
7, 9.61844, 0.00179558, 0.01410211, 0.0031963993845575685, 0.00787162, 0.0022882, 0.00623049, 0.00223184, 0.18491, 0.016001, 2.09722, 2.39012, 2.21733, 3.152, 'SS316L'
7, 11.041, 0.00132155, 0.00560435, 0.0029272329574873265, 0.002305, 0.00191057, 0.00329935, 0.00221775, 0.078476, 0.0276181, 1.0, nan, 1.0, nan, 'SS316L'
7, 12.1014, 0.00161143, 0.02060567, 0.002894514039644652, 0.0106268, 0.00206304, 0.00997887, 0.00203029, 0.241224, 0.0132396, 1.52462, 0.810679, 2.13044, 1.69789, 'SS316L'
7, 12.4178, 0.000481473, 0.02233438, 0.0008817248348243345, 0.0129588, 0.000644875, 0.00937558, 0.000601311, 0.807637, 0.012866, 1.43877, 0.190377, 1.53624, 0.265096, 'SS316L'
8, 4.81534, 1.07787e-05, 0.00710654, 1.5150386595163174e-05, 0.00401399, 1.14755e-05, 0.00309255, 9.89177e-06, 568.372, 0.804326, 1.49376, 0.00492315, 1.47935, 0.00546338, 'SS316L'
8, 5.56522, 1.54313e-05, 0.01361592, 2.293466842162755e-05, 0.00821598, 1.71531e-05, 0.00539994, 1.5224e-05, 422.333, 0.511823, 1.50373, 0.00385308, 1.38779, 0.00419031, 'SS316L'
8, 7.86174, 3.25504e-05, 0.01233508, 4.9489398347929024e-05, 0.00720876, 3.69728e-05, 0.00512632, 3.2897e-05, 94.5514, 0.25616, 1.35186, 0.00821278, 1.31466, 0.00956091, 'SS316L'
8, 9.21799, 6.65423e-05, 0.01674366, 0.00010307022227554377, 0.00944112, 7.51083e-05, 0.00730254, 7.05848e-05, 35.3192, 0.136274, 1.27291, 0.0127346, 1.40113, 0.0186202, 'SS316L'
8, 9.62527, 3.49518e-05, 0.011653759999999999, 5.263431167527509e-05, 0.00680431, 3.86852e-05, 0.00484945, 3.56907e-05, 83.2163, 0.245788, 1.33236, 0.00904957, 1.33324, 0.0113826, 'SS316L'
8, 11.1202, 0.000209012, 0.0259456, 0.00033844156910757875, 0.0148687, 0.00024734, 0.0110769, 0.00023101, 7.01388, 0.0502535, 1.39307, 0.0430014, 1.4054, 0.0528246, 'SS316L'
8, 12.1101, 0.000203018, 0.01831324, 0.0003311955599234386, 0.0102454, 0.000240632, 0.00806784, 0.000227567, 5.46437, 0.0530563, 1.30571, 0.0556809, 1.3795, 0.0724595, 'SS316L'
8, 12.4291, 0.000217871, 0.022564349999999997, 0.00036018182569363494, 0.0132556, 0.000265346, 0.00930875, 0.000243562, 5.54036, 0.0484596, 1.2688, 0.0453331, 1.29874, 0.0592918, 'SS316L'
9, 4.81439, 7.10422e-06, 0.0068806200000000005, 1.0778379708031259e-05, 0.00377629, 7.83844e-06, 0.00310433, 7.39813e-06, 910.995, 1.09421, 1.44178, 0.00336945, 1.47637, 0.0041154, 'SS316L'
9, 5.56053, 2.70798e-05, 0.01223548, 4.0706540535889316e-05, 0.00697992, 3.00608e-05, 0.00525556, 2.74476e-05, 143.441, 0.327576, 1.39219, 0.00719758, 1.37988, 0.00839547, 'SS316L'
9, 7.85959, 3.51334e-05, 0.01216643, 5.319143735574365e-05, 0.00708075, 3.96786e-05, 0.00508568, 3.54251e-05, 87.9735, 0.256429, 1.33006, 0.00869199, 1.30834, 0.0103114, 'SS316L'
9, 9.21472, 5.85837e-05, 0.01650811, 8.939983609185198e-05, 0.00908093, 6.50082e-05, 0.00742718, 6.13699e-05, 47.3625, 0.161919, 1.32169, 0.0119104, 1.46532, 0.016978, 'SS316L'
9, 9.62479, 0.000165615, 0.012075869999999999, 0.00026814360303762606, 0.00700753, 0.000198219, 0.00506834, 0.000180583, 6.05668, 0.0713801, 1.41544, 0.0757136, 1.47251, 0.100429, 'SS316L'
9, 11.1155, 0.000515254, 0.02232647, 0.0009131388962649659, 0.0130746, 0.000668836, 0.00925187, 0.000621676, 1.52114, 0.028781, 1.31247, 0.149647, 1.23556, 0.163104, 'SS316L'
9, 12.1074, 5.56233e-05, 0.01534764, 8.633054790976366e-05, 0.00857137, 6.32596e-05, 0.00677627, 5.87468e-05, 44.9164, 0.162769, 1.21185, 0.0104098, 1.25497, 0.0129193, 'SS316L'
9, 12.423, 0.000228433, 0.0220261, 0.00037551237003592843, 0.0117405, 0.000270893, 0.0102856, 0.000260051, 5.47097, 0.0503699, 1.14834, 0.041524, 1.43289, 0.0714479, 'SS316L'
10, 4.81544, 1.35989e-05, 0.00757825, 1.8801191182741586e-05, 0.00440744, 1.40467e-05, 0.00317081, 1.2497e-05, 994.167, 1.62534, 1.62136, 0.00656525, 1.49244, 0.00663225, 'SS316L'
10, 5.5609, 4.59876e-05, 0.012482980000000001, 6.865409432291711e-05, 0.00699868, 5.05013e-05, 0.0054843, 4.65081e-05, 128.069, 0.474329, 1.39719, 0.0122103, 1.45178, 0.015415, 'SS316L'
10, 7.85697, 4.40163e-05, 0.01145057, 6.59975289676818e-05, 0.00624251, 4.8219e-05, 0.00520806, 4.50622e-05, 123.462, 0.484538, 1.31364, 0.0112101, 1.31356, 0.0125602, 'SS316L'
10, 9.21608, 0.000114917, 0.01656663, 0.00017909108621034158, 0.00940195, 0.000131178, 0.00716468, 0.000121926, 30.2776, 0.203552, 1.277, 0.0230215, 1.37666, 0.0323182, 'SS316L'
10, 9.62315, 4.86326e-05, 0.0108716, 7.328140660665569e-05, 0.00626858, 5.31367e-05, 0.00460302, 5.04644e-05, 99.1446, 0.445797, 1.3387, 0.0134549, 1.32293, 0.0163475, 'SS316L'
10, 11.1171, 0.000212496, 0.02322386, 0.00033909960341026646, 0.0132495, 0.000247948, 0.00997436, 0.000231323, 13.6144, 0.116518, 1.29968, 0.0368345, 1.29894, 0.0441467, 'SS316L'
10, 12.1078, 0.000216268, 0.01690402, 0.0003492951553586165, 0.00964635, 0.000255206, 0.00725767, 0.000238489, 9.89825, 0.117083, 1.24204, 0.0505316, 1.27577, 0.0639254, 'SS316L'
10, 12.4237, 0.000379412, 0.02062975, 0.0006306191163182417, 0.0111054, 0.000455121, 0.00952435, 0.000436515, 4.53972, 0.0745638, 1.11635, 0.0720541, 1.29712, 0.108408, 'SS316L'
11, 4.81598, 9.17241e-06, 0.00662334, 1.247032558245774e-05, 0.00387754, 8.60254e-06, 0.0027458, 9.02803e-06, 1174.76, 1.47466, 1.52638, 0.00402768, 1.36987, 0.00424563, 'SS316L'
11, 5.55994, 5.7672e-05, 0.01283578, 8.846144917250678e-05, 0.00727898, 6.44459e-05, 0.0055568, 6.05983e-05, 51.4921, 0.228707, 1.31745, 0.0146937, 1.413, 0.0203896, 'SS316L'
11, 7.8565, 9.47064e-05, 0.01276701, 0.00014697072081540594, 0.00685845, 0.000106016, 0.00590856, 0.000101789, 21.5751, 0.147943, 1.39853, 0.0323628, 1.53609, 0.0436813, 'SS316L'
11, 9.21473, 3.78744e-05, 0.016943510000000002, 5.648187296549221e-05, 0.00985075, 4.17188e-05, 0.00709276, 3.80755e-05, 143.322, 0.320296, 1.44849, 0.00775131, 1.45587, 0.00973332, 'SS316L'
11, 9.62274, 7.24462e-05, 0.01112579, 0.00011133105917936826, 0.00633933, 8.14166e-05, 0.00478646, 7.59338e-05, 30.6207, 0.186615, 1.30247, 0.0218564, 1.31359, 0.026808, 'SS316L'
11, 11.1122, 0.000151985, 0.021944150000000003, 0.00024280308616242917, 0.012174, 0.000176775, 0.00977015, 0.000166445, 14.1067, 0.0922841, 1.17192, 0.0225863, 1.31504, 0.0332688, 'SS316L'
11, 12.1041, 7.36035e-05, 0.01666634, 0.0001144442840834788, 0.00937377, 8.39253e-05, 0.00729257, 7.78077e-05, 39.0058, 0.170566, 1.25063, 0.013842, 1.31554, 0.0179933, 'SS316L'
11, 12.4211, 0.000347557, 0.0214845, 0.0005677970800074618, 0.0114422, 0.000333848, 0.0100423, 0.000459281, 2.5551, 0.0416338, 1.0, nan, 1.43508, 0.156888, 'SS316L'
12, 4.81407, 8.32838e-06, 0.0067158800000000005, 1.251780357159354e-05, 0.00373505, 8.73209e-06, 0.00298083, 8.96917e-06, 841.208, 1.18096, 1.47048, 0.00404043, 1.44703, 0.00482737, 'SS316L'
12, 5.55958, 7.76717e-05, 0.01322572, 0.00011936286466003571, 0.00744557, 8.62393e-05, 0.00578015, 8.25244e-05, 29.344, 0.160083, 1.4888, 0.026957, 1.49804, 0.0324261, 'SS316L'
12, 7.85706, 3.86647e-05, 0.01174359, 5.827631491721143e-05, 0.00666423, 4.31247e-05, 0.00507936, 3.91968e-05, 86.7943, 0.285321, 1.36594, 0.0106594, 1.33689, 0.0120496, 'SS316L'
12, 9.21462, 5.24177e-05, 0.01638453, 7.950579178154256e-05, 0.00938498, 5.85084e-05, 0.00699955, 5.38325e-05, 68.5872, 0.21465, 1.44545, 0.0122341, 1.40584, 0.0138898, 'SS316L'
12, 9.62298, 0.000130937, 0.01108488, 0.00020986083808324028, 0.00623543, 0.00015072, 0.00484945, 0.000146031, 9.6409, 0.102519, 1.20954, 0.0424819, 1.20027, 0.0502243, 'SS316L'
12, 11.1126, 0.0002871, 0.02218875, 0.0004777934178052268, 0.0123952, 0.000346697, 0.00979355, 0.000328767, 4.29272, 0.0497225, 1.16936, 0.0544066, 1.23239, 0.0706747, 'SS316L'
12, 12.1071, 0.000179491, 0.01708238, 0.00029364596758682044, 0.0098315, 0.000216442, 0.00725088, 0.000198446, 7.5684, 0.0732067, 1.23926, 0.0439257, 1.2533, 0.0539012, 'SS316L'
12, 12.4246, 0.000397961, 0.0228914, 0.0006731709910342246, 0.013295, 0.000492997, 0.0095964, 0.000458381, 2.67678, 0.0396987, 1.29735, 0.0996514, 1.35128, 0.132319, 'SS316L'
13, 4.81252, 2.91991e-05, 0.0073979300000000005, 4.300526747655455e-05, 0.00410616, 3.27308e-05, 0.00329177, 2.78953e-05, 117.999, 0.453154, 1.44095, 0.0138465, 1.53014, 0.0173825, 'SS316L'
13, 5.55821, 9.59473e-05, 0.01400432, 0.00014792759478204193, 0.00772897, 0.000107577, 0.00627535, 0.000101537, 24.1319, 0.15332, 1.37689, 0.0280139, 1.65842, 0.0475638, 'SS316L'
13, 7.85689, 0.000171224, 0.01404426, 0.00027633137039793367, 0.0077602, 0.000201921, 0.00628406, 0.000188645, 8.20099, 0.0917198, 1.17843, 0.0448633, 1.30597, 0.0639615, 'SS316L'
13, 9.21387, 0.000120075, 0.018618620000000002, 0.0001871859828112137, 0.0105076, 0.00013674, 0.00811102, 0.000127831, 20.2084, 0.121022, 1.42807, 0.0291129, 1.48673, 0.0374784, 'SS316L'
13, 9.62249, 0.000158405, 0.01156169, 0.0002547813712852649, 0.00673583, 0.000188715, 0.00482586, 0.000171173, 8.09255, 0.0996282, 1.23279, 0.0532444, 1.2772, 0.070815, 'SS316L'
13, 11.1131, 0.00093028, 0.0276434, 0.0017220777182229612, 0.0140871, 0.00123, 0.0135563, 0.00120526, 0.985409, 0.0250732, 1.07943, 0.175019, 1.49759, 0.35611, 'SS316L'
13, 12.1088, 0.000301592, 0.0199086, 0.0004959165522787075, 0.0111342, 0.000360082, 0.0087744, 0.00034099, 4.16655, 0.0548689, 1.34439, 0.0870105, 1.3768, 0.105625, 'SS316L'
13, 12.4271, 0.000741946, 0.0233743, 0.0013409881211587967, 0.0132577, 0.000974865, 0.0101166, 0.000920808, 1.19789, 0.0290842, 1.41299, 0.264318, 1.58299, 0.394915, 'SS316L'
14, 4.81521, 1.08112e-05, 0.00744823, 1.5415530965879832e-05, 0.00389833, 1.1371e-05, 0.0035499, 1.04086e-05, 706.492, 1.00285, 1.46782, 0.00479345, 1.62268, 0.00625695, 'SS316L'
14, 5.56369, 3.55844e-05, 0.01319656, 5.293166304821718e-05, 0.00700572, 3.82123e-05, 0.00619084, 3.66276e-05, 118.795, 0.316134, 1.39723, 0.0092729, 1.52651, 0.0121144, 'SS316L'
14, 7.86327, 3.77686e-05, 0.01225354, 5.708834869612187e-05, 0.00681317, 4.13199e-05, 0.00544037, 3.93922e-05, 93.6105, 0.292007, 1.31584, 0.00916613, 1.33781, 0.0111512, 'SS316L'
14, 9.22163, 9.58971e-05, 0.01780286, 0.0001496239287313363, 0.010288, 0.000110268, 0.00751486, 0.000101135, 24.7459, 0.126151, 1.40925, 0.0226507, 1.37646, 0.0262367, 'SS316L'
14, 9.62637, 5.82004e-05, 0.01228205, 8.953771164475893e-05, 0.0067289, 6.49003e-05, 0.00555315, 6.16843e-05, 42.5138, 0.196975, 1.31154, 0.016015, 1.41238, 0.0213776, 'SS316L'
14, 11.1275, 0.000244572, 0.0255658, 0.00039551902631858305, 0.0144384, 0.000287916, 0.0111274, 0.000271182, 6.63764, 0.0558754, 1.38209, 0.0511628, 1.44761, 0.0666574, 'SS316L'
14, 12.1137, 0.000304606, 0.0215754, 0.0004950481041525156, 0.0113426, 0.000354241, 0.0102328, 0.000345812, 4.17824, 0.0488249, 1.46952, 0.0985696, 1.74765, 0.151249, 'SS316L'
14, 12.4297, 0.000381325, 0.0259203, 0.0006297323289207884, 0.0126882, 0.000445278, 0.0132321, 0.000445298, 3.31313, 0.0405961, 1.1758, 0.07185, 1.92163, 0.194733, 'SS316L'
15, 4.8161, 1.21694e-05, 0.00747933, 1.7368613349948234e-05, 0.00446766, 1.21349e-05, 0.00301167, 1.24263e-05, 381.331, 0.59248, 1.651, 0.0063282, 1.4887, 0.00701123, 'SS316L'
15, 5.56098, 3.6633e-05, 0.012029370000000001, 5.568350636409313e-05, 0.00680136, 4.10976e-05, 0.00522801, 3.75718e-05, 65.1619, 0.196222, 1.36696, 0.0104537, 1.41718, 0.0132354, 'SS316L'
15, 7.85962, 2.23409e-05, 0.011923969999999999, 3.3596999598922524e-05, 0.00703307, 2.52373e-05, 0.0048909, 2.21774e-05, 152.252, 0.29638, 1.34752, 0.00541663, 1.23054, 0.00554913, 'SS316L'
15, 9.21596, 4.64059e-05, 0.016924639999999998, 7.143839811669912e-05, 0.00987854, 5.28218e-05, 0.0070461, 4.80968e-05, 55.3736, 0.151657, 1.3664, 0.00948572, 1.34313, 0.0113609, 'SS316L'
15, 9.62399, 4.2298e-05, 0.01142125, 6.563389052836957e-05, 0.00651782, 4.83605e-05, 0.00490343, 4.43742e-05, 44.258, 0.165001, 1.30706, 0.0122253, 1.29459, 0.0143404, 'SS316L'
15, 11.1164, 0.000283896, 0.0245292, 0.0004727365069147929, 0.013929, 0.000344861, 0.0106002, 0.000323343, 3.37286, 0.0333834, 1.31781, 0.064893, 1.35411, 0.0814276, 'SS316L'
15, 12.1097, 0.00010493, 0.01694029, 0.00016888697215889685, 0.00962535, 0.000123982, 0.00731494, 0.000114679, 12.6858, 0.0741741, 1.21944, 0.0225718, 1.22508, 0.026877, 'SS316L'
15, 12.4243, 0.000116494, 0.02152888, 0.00018752713622300105, 0.0121891, 0.000137256, 0.00933978, 0.000127778, 13.046, 0.0666619, 1.2072, 0.0194065, 1.29976, 0.0267259, 'SS316L'
16, 4.81531, 1.02739e-05, 0.007146609999999999, 1.4553927012325575e-05, 0.00398456, 1.1005e-05, 0.00316205, 9.52401e-06, 369.735, 0.496303, 1.50415, 0.00493095, 1.5106, 0.00551499, 'SS316L'
16, 5.56065, 1.51034e-05, 0.01251516, 2.237274476612112e-05, 0.0069373, 1.63769e-05, 0.00557786, 1.52426e-05, 253.802, 0.317531, 1.38557, 0.0037021, 1.42306, 0.00449116, 'SS316L'
16, 7.8588, 3.43252e-05, 0.01317981, 5.281436065777944e-05, 0.00765468, 3.90988e-05, 0.00552513, 3.55055e-05, 56.357, 0.147537, 1.38617, 0.00922706, 1.34639, 0.01069, 'SS316L'
16, 9.2153, 3.78326e-05, 0.016991390000000002, 5.7329233693465674e-05, 0.00948231, 4.15962e-05, 0.00750908, 3.94512e-05, 62.6006, 0.135514, 1.41057, 0.00821037, 1.44397, 0.0101082, 'SS316L'
16, 9.62398, 0.000113526, 0.011625380000000001, 0.00018959079992974344, 0.00652638, 0.000138693, 0.005099, 0.000129263, 5.91864, 0.0544709, 1.15069, 0.0367475, 1.16388, 0.0441658, 'SS316L'
16, 11.1144, 0.00043799, 0.0254285, 0.0007708491471131041, 0.0141455, 0.000558599, 0.011283, 0.000531202, 1.43424, 0.0194147, 1.29581, 0.111788, 1.51889, 0.17982, 'SS316L'
16, 12.1088, 7.0634e-05, 0.016911509999999998, 0.00011148723722350465, 0.00954508, 8.15313e-05, 0.00736643, 7.60398e-05, 19.1273, 0.0758085, 1.30182, 0.0160587, 1.34059, 0.0200663, 'SS316L'
16, 12.4253, 0.000156804, 0.02069066, 0.00025691936319592574, 0.0112866, 0.000186313, 0.00940406, 0.000176904, 5.88075, 0.0397381, 1.17269, 0.0306389, 1.41659, 0.050909, 'SS316L'
17, 4.81518, 1.88795e-05, 0.008330530000000001, 2.7737340334646362e-05, 0.00474977, 2.0798e-05, 0.00358076, 1.83522e-05, 73.2106, 0.149597, 1.67693, 0.0115995, 1.66556, 0.0132007, 'SS316L'
17, 5.56161, 3.09305e-05, 0.01278702, 4.718930679772696e-05, 0.00737156, 3.47002e-05, 0.00541546, 3.19801e-05, 40.6428, 0.0928581, 1.42803, 0.0095004, 1.42275, 0.0114657, 'SS316L'
17, 7.85801, 6.83409e-05, 0.01323137, 0.00010906581556367696, 0.00727895, 7.83176e-05, 0.00595242, 7.59059e-05, 10.0983, 0.0468803, 1.34631, 0.0237159, 1.36167, 0.0280137, 'SS316L'
17, 9.21662, 2.96506e-05, 0.0169971, 4.522069939529905e-05, 0.00966502, 3.32382e-05, 0.00733208, 3.06616e-05, 53.5408, 0.0908955, 1.41582, 0.00658278, 1.42337, 0.00794046, 'SS316L'
17, 9.6241, 4.00473e-05, 0.01135099, 6.362797075579261e-05, 0.00651963, 4.70475e-05, 0.00483136, 4.28375e-05, 20.5141, 0.0705911, 1.29464, 0.0129688, 1.32224, 0.0163897, 'SS316L'
17, 11.119, 0.000274318, 0.0229229, 0.00048197355077742596, 0.0124199, 0.000348032, 0.010503, 0.000333425, 1.60368, 0.015608, 1.17684, 0.0633032, 1.31959, 0.0893095, 'SS316L'
17, 12.1062, 9.06863e-05, 0.01830018, 0.00014610038612200858, 0.00976731, 0.000104939, 0.00853287, 0.000101652, 7.8718, 0.0347618, 1.30694, 0.0236556, 1.42224, 0.030775, 'SS316L'
17, 12.4264, 7.22325e-05, 0.02053178, 0.00011720170352930029, 0.0115232, 8.56821e-05, 0.00900858, 7.99676e-05, 12.1009, 0.0407134, 1.10851, 0.0108097, 1.23888, 0.0158954, 'SS316L'
18, 4.81278, 3.3546e-05, 0.00750634, 5.0276041678915023e-05, 0.00381816, 3.72867e-05, 0.00368818, 3.37251e-05, 39.8151, 0.160371, 1.18129, 0.012516, 1.48256, 0.0196536, 'SS316L'
18, 5.5633, 0.000249421, 0.015807270000000002, 0.00042792349912571984, 0.00917997, 0.00031472, 0.0066273, 0.000289948, 2.17248, 0.0281267, 1.36432, 0.104763, 1.50569, 0.157078, 'SS316L'
18, 7.8613, 9.55896e-05, 0.01388914, 0.00015452806050035055, 0.00837053, 0.000114981, 0.00551861, 0.000103239, 8.97242, 0.057399, 1.4413, 0.0369536, 1.36043, 0.0424737, 'SS316L'
18, 9.21694, 0.000119001, 0.01840353, 0.0001895837740551654, 0.00982743, 0.000136488, 0.0085761, 0.000131579, 8.36164, 0.0478304, 1.33575, 0.031631, 1.53476, 0.0463329, 'SS316L'
18, 9.62245, 0.000135433, 0.012421709999999999, 0.00022099083711774113, 0.00685601, 0.000160907, 0.0055657, 0.000151479, 4.71568, 0.0444749, 1.21252, 0.0482033, 1.44377, 0.0795702, 'SS316L'
18, 10.9521, 0.0425211, 14.45071, 1.1238826164742473, 7.34988, 0.766238, 7.10083, 0.822187, -146.552, 62.4487, 1.0, nan, 1.0, nan, 'SS316L'
18, 12.1043, 0.000186333, 0.01914585, 0.0003062804573589376, 0.0104732, 0.000221484, 0.00867265, 0.000211548, 3.89024, 0.0325221, 1.35167, 0.058957, 1.45713, 0.0769249, 'SS316L'
18, 12.4289, 0.000425914, 0.029745100000000003, 0.0007631531940901512, 0.0183378, 0.000565397, 0.0114073, 0.000512571, 1.46892, 0.0172545, 1.38482, 0.110821, 1.50382, 0.174871, 'SS316L'
19, 4.81491, 7.41685e-06, 0.00700577, 1.0845452037974259e-05, 0.00389681, 8.28346e-06, 0.00310896, 7.00058e-06, 1134.1, 1.30174, 1.50007, 0.0036041, 1.48718, 0.00392535, 'SS316L'
19, 5.56473, 3.60435e-05, 0.01245916, 5.403925915128741e-05, 0.00705456, 3.91999e-05, 0.0054046, 3.71969e-05, 105.753, 0.305332, 1.39494, 0.00959656, 1.40816, 0.0117288, 'SS316L'
19, 7.86418, 3.75743e-05, 0.01229419, 5.733611297611655e-05, 0.00744645, 4.33175e-05, 0.00484774, 3.75636e-05, 89.0179, 0.279099, 1.47581, 0.0114734, 1.34311, 0.0121619, 'SS316L'
19, 9.21941, 5.24515e-05, 0.01749451, 7.94973052269069e-05, 0.00984216, 5.81935e-05, 0.00765235, 5.41603e-05, 71.2226, 0.209421, 1.42543, 0.0111538, 1.42598, 0.0131078, 'SS316L'
19, 9.62618, 0.00010646, 0.01190031, 0.00017030869351856352, 0.0065914, 0.000123352, 0.00530891, 0.000117428, 13.6929, 0.115525, 1.22989, 0.0320799, 1.33957, 0.0448366, 'SS316L'
19, 11.1212, 0.000328809, 0.0225958, 0.0005526162155827496, 0.0119668, 0.000397211, 0.010629, 0.000384198, 3.44673, 0.0442459, 1.0732, 0.055298, 1.25359, 0.0826746, 'SS316L'
19, 12.1118, 0.000161791, 0.01774964, 0.0002612987271859547, 0.00986597, 0.00019043, 0.00788367, 0.000178923, 9.36253, 0.0781919, 1.27565, 0.0392116, 1.34302, 0.0500321, 'SS316L'
19, 12.4291, 0.00019316, 0.023199, 0.00031030077584337425, 0.0128132, 0.00022486, 0.0103858, 0.000213833, 8.90796, 0.0663569, 1.36155, 0.0416052, 1.46258, 0.0552156, 'SS316L'
20, 4.81392, 1.07104e-05, 0.00741055, 1.5818295744169155e-05, 0.00392693, 1.09475e-05, 0.00348362, 1.1418e-05, 344.383, 0.51714, 1.45271, 0.00487335, 1.58213, 0.00676195, 'SS316L'
20, 5.5612, 2.35032e-05, 0.012558699999999999, 3.507911530996755e-05, 0.007085, 2.58657e-05, 0.0054737, 2.36962e-05, 131.848, 0.247697, 1.39409, 0.00612799, 1.4021, 0.00725039, 'SS316L'
20, 7.85858, 4.00301e-05, 0.011932, 6.146163424852939e-05, 0.00662147, 4.45881e-05, 0.00531053, 4.23017e-05, 45.737, 0.150963, 1.37557, 0.0122627, 1.35727, 0.0138287, 'SS316L'
20, 9.21703, 3.5878e-05, 0.016292599999999997, 5.4466740858344e-05, 0.00948081, 4.02953e-05, 0.00681179, 3.66458e-05, 74.577, 0.162699, 1.41058, 0.00783636, 1.36446, 0.00900183, 'SS316L'
20, 9.62364, 3.23968e-05, 0.011430280000000001, 4.99743409166144e-05, 0.00651323, 3.65522e-05, 0.00491705, 3.40789e-05, 61.482, 0.178149, 1.29197, 0.00867981, 1.27079, 0.0100813, 'SS316L'
20, 11.1154, 0.000155244, 0.022753620000000002, 0.00025170760041961387, 0.0128153, 0.000183325, 0.00993832, 0.000172478, 7.38654, 0.04541, 1.26383, 0.0296014, 1.37763, 0.0418691, 'SS316L'
20, 12.1084, 0.00011907, 0.01630518, 0.00019565976179327215, 0.00951199, 0.000143897, 0.00679319, 0.000132576, 8.2754, 0.0570053, 1.15881, 0.0258659, 1.23088, 0.0363166, 'SS316L'
20, 12.423, 0.000172638, 0.02178791, 0.0002853631956735136, 0.0120325, 0.000207902, 0.00975541, 0.000195471, 5.82356, 0.0419589, 1.09669, 0.0280984, 1.32351, 0.0472143, 'SS316L'
21, 4.81418, 7.45844e-06, 0.00658413, 1.1393435258059791e-05, 0.00351946, 7.9281e-06, 0.00306467, 8.18264e-06, 412.816, 0.534695, 1.38903, 0.00354121, 1.4938, 0.00483149, 'SS316L'
21, 5.56131, 1.30484e-05, 0.01225714, 1.921355604826967e-05, 0.00700689, 1.42299e-05, 0.00525025, 1.29101e-05, 299.176, 0.328436, 1.39388, 0.00317717, 1.37226, 0.00366172, 'SS316L'
21, 7.85838, 2.90942e-05, 0.011661580000000001, 4.4397500813671934e-05, 0.00659488, 3.22523e-05, 0.0050667, 3.05111e-05, 62.4863, 0.155982, 1.32377, 0.00787851, 1.36123, 0.0100642, 'SS316L'
21, 9.21646, 5.55697e-05, 0.0161262, 8.624358010686941e-05, 0.00894232, 6.27894e-05, 0.00718388, 5.91223e-05, 26.8942, 0.087589, 1.3675, 0.0136258, 1.44772, 0.0177189, 'SS316L'
21, 9.62384, 7.13096e-05, 0.01167265, 0.00011491720260169928, 0.0066462, 8.40598e-05, 0.00502645, 7.83576e-05, 12.2815, 0.0713406, 1.23719, 0.0224742, 1.31815, 0.0310603, 'SS316L'
21, 11.1192, 0.000211969, 0.0265619, 0.0003517119406517214, 0.0156263, 0.000258854, 0.0109356, 0.000238109, 4.00588, 0.027863, 1.32531, 0.0430182, 1.34435, 0.0553363, 'SS316L'
21, 12.107, 6.13105e-05, 0.0164829, 9.633632368245116e-05, 0.00885553, 6.96856e-05, 0.00762737, 6.65177e-05, 21.8654, 0.077625, 1.23018, 0.012717, 1.34879, 0.0169018, 'SS316L'
21, 12.4246, 0.000173268, 0.02113015, 0.000286876522366331, 0.0116841, 0.000208566, 0.00944605, 0.000196973, 4.57489, 0.0332312, 1.18467, 0.03567, 1.35609, 0.0538812, 'SS316L'
22, 4.81294, 6.22611e-05, 0.00701257, 9.201215068913454e-05, 0.00347676, 5.11062e-05, 0.00353581, 7.6514e-05, 7.57654, 0.0694116, 1.0, nan, 1.01321, 0.0287608, 'SS316L'
22, 5.56143, 0.000100226, 0.01444256, 0.00015790539394523544, 0.00786498, 0.000114149, 0.00657758, 0.000109106, 9.36549, 0.0562917, 1.52662, 0.0429261, 1.62364, 0.0546779, 'SS316L'
22, 7.86017, 0.000332958, 0.014324070000000001, 0.0005994808091707356, 0.00750463, 0.000430092, 0.00681944, 0.00041761, 1.29218, 0.0227353, 1.24993, 0.149505, 1.56388, 0.256248, 'SS316L'
22, 9.21763, 0.000133092, 0.02141065, 0.00021084449819713105, 0.0120892, 0.000152922, 0.00932145, 0.000145156, 7.81452, 0.0416975, 1.6399, 0.0454289, 1.61186, 0.0518814, 'SS316L'
22, 9.62226, 0.000686062, 0.013053869999999999, 0.001254871512740647, 0.00720909, 0.000914148, 0.00584478, 0.000859672, 0.552158, 0.0211434, 1.52903, 0.532037, 1.30262, 0.423826, 'SS316L'
22, 11.1195, 0.000871753, 0.0270059, 0.0016013160225889203, 0.0147027, 0.00115591, 0.0123032, 0.00110819, 0.618299, 0.0147591, 1.22318, 0.207665, 1.538, 0.375226, 'SS316L'
22, 12.108, 0.000334011, 0.02045268, 0.0005883176759574711, 0.0109799, 0.000422038, 0.00947278, 0.00040988, 1.59662, 0.0206189, 1.3095, 0.111812, 1.50649, 0.16434, 'SS316L'
22, 12.4285, 0.00167925, 0.0282614, 0.0029927104270209637, 0.0144822, 0.00213514, 0.0137792, 0.00209702, 0.342508, 0.0140532, 1.60973, 0.69426, 2.6923, 2.07327, 'SS316L'
23, 4.8135, 1.24742e-05, 0.00748066, 1.8003479319287146e-05, 0.00414553, 1.24714e-05, 0.00333513, 1.29842e-05, 250.934, 0.397625, 1.47281, 0.00548016, 1.50566, 0.00708449, 'SS316L'
23, 5.56035, 1.69239e-05, 0.013011, 2.512850508605715e-05, 0.00738171, 1.84435e-05, 0.00562929, 1.70669e-05, 203.768, 0.271389, 1.48234, 0.00463679, 1.46584, 0.00537884, 'SS316L'
23, 7.86016, 2.5392e-05, 0.012239719999999999, 3.806053551120898e-05, 0.00721278, 2.80644e-05, 0.00502694, 2.57098e-05, 92.1731, 0.188203, 1.4317, 0.00710992, 1.33453, 0.00778038, 'SS316L'
23, 9.2182, 4.35211e-05, 0.01675445, 6.673916063976231e-05, 0.00950228, 4.87353e-05, 0.00725217, 4.55959e-05, 44.9501, 0.113384, 1.37142, 0.0093918, 1.43222, 0.0123268, 'SS316L'
23, 9.62367, 7.29147e-05, 0.01159848, 0.00011708926499726608, 0.00648102, 8.48824e-05, 0.00511746, 8.06528e-05, 12.5521, 0.0744771, 1.2357, 0.0230609, 1.32377, 0.0315339, 'SS316L'
23, 11.1189, 0.000286511, 0.0262832, 0.0004812481762303105, 0.0152333, 0.00035221, 0.0110499, 0.000327945, 2.63414, 0.0238344, 1.404, 0.0724455, 1.41743, 0.0901943, 'SS316L'
23, 12.1111, 0.000153383, 0.01815225, 0.00025314691128275693, 0.0102832, 0.000184794, 0.00786905, 0.000173016, 5.14124, 0.0388944, 1.25055, 0.0394653, 1.29766, 0.050167, 'SS316L'
23, 12.43, 0.000124079, 0.02342255, 0.0001999420032734493, 0.0134553, 0.000146593, 0.00996725, 0.000135968, 9.29857, 0.0446862, 1.33383, 0.0247351, 1.39176, 0.0325759, 'SS316L'
24, 4.81338, 1.05251e-05, 0.00707457, 1.458227862098376e-05, 0.00399829, 1.01047e-05, 0.00307628, 1.05137e-05, 1468.42, 2.03292, 1.57594, 0.00487406, 1.53596, 0.0058763, 'SS316L'
24, 5.55878, 2.94035e-05, 0.01287252, 4.2809609587100886e-05, 0.00708686, 3.1223e-05, 0.00578566, 2.9288e-05, 300.898, 0.685346, 1.47235, 0.00783181, 1.55542, 0.0100609, 'SS316L'
24, 7.85833, 9.73418e-05, 0.01172826, 0.00015194753747593278, 0.00667781, 0.000110212, 0.00505045, 0.000104601, 28.4677, 0.229867, 1.33041, 0.0300212, 1.29052, 0.0341324, 'SS316L'
24, 9.21605, 7.69426e-05, 0.01532705, 0.00011814680189873951, 0.0087665, 8.68159e-05, 0.00656055, 8.01353e-05, 54.8402, 0.274094, 1.31594, 0.016154, 1.37317, 0.021373, 'SS316L'
24, 9.6228, 0.000259665, 0.01175698, 0.00042364512307590656, 0.00664969, 0.000307759, 0.00510729, 0.000291135, 5.52819, 0.105744, 1.22375, 0.0918, 1.28503, 0.121875, 'SS316L'
24, 11.1157, 0.000170995, 0.022305779999999997, 0.00027087790243022776, 0.0125598, 0.000197923, 0.00974598, 0.000184936, 18.0803, 0.132177, 1.26079, 0.0276154, 1.28514, 0.0338116, 'SS316L'
24, 12.1073, 0.000218965, 0.01703978, 0.00035666875020107946, 0.00959418, 0.000261183, 0.0074456, 0.000242891, 9.21609, 0.11054, 1.18471, 0.0474142, 1.21922, 0.0586124, 'SS316L'
24, 12.4222, 0.000240984, 0.021209060000000002, 0.0003905318834743202, 0.0115229, 0.000282943, 0.00968616, 0.000269181, 9.5785, 0.100577, 1.15841, 0.0406463, 1.35678, 0.0630236, 'SS316L'
25, 4.81255, 6.64119e-05, 0.009788419999999999, 9.42449135094303e-05, 0.00501475, 6.80592e-05, 0.00477367, 6.51924e-05, 5.68458, 0.0508379, 1.0, nan, 1.0, nan, 'SS316L'
25, 5.55605, 0.000153323, 0.01989576, 0.00024448011494802597, 0.0118152, 0.000179546, 0.00808056, 0.000165933, 5.90585, 0.0381995, 1.75581, 0.0677132, 1.68471, 0.0787121, 'SS316L'
25, 7.84933, 0.000819086, 0.033055, 0.0015226899111115827, 0.0132199, 0.000862299, 0.0198351, 0.001255, 0.564636, 0.0131515, 1.0, nan, 2.65579, 0.971148, 'SS316L'
25, 9.21634, 0.000297824, 0.02217554, 0.0005421075270940259, 0.0135877, 0.000416204, 0.00858784, 0.000347354, 1.0641, 0.0159568, 1.0, nan, 1.0, nan, 'SS316L'
25, 9.62307, 0.000949182, 0.01730753, 0.0018281584043238705, 0.0102265, 0.00151427, 0.00708103, 0.00102428, 0.343045, 0.0182904, 1.17275, 0.384355, 1.0, nan, 'SS316L'
25, 11.11, 0.00240552, 0.036818100000000006, 0.004513749046679489, 0.0202715, 0.00327108, 0.0165466, 0.0031103, 0.253746, 0.0129778, 1.05738, 0.322094, 1.22868, 0.496042, 'SS316L'
25, 12.1048, 0.00360779, 0.0375266, 0.006732942963704653, 0.0202164, 0.00484038, 0.0173102, 0.00468009, 0.172519, 0.0130215, 1.14054, 0.591399, 1.22228, 0.734575, 'SS316L'
25, 12.4289, 0.000610646, 0.030519400000000002, 0.0011533539815312556, 0.0181912, 0.000849883, 0.0123282, 0.000779695, 0.893671, 0.0143151, 1.17961, 0.124758, 1.10704, 0.135916, 'SS316L'
26, 4.81226, 8.58956e-06, 0.007182590000000001, 1.2641237574070823e-05, 0.00407766, 9.68004e-06, 0.00310493, 8.13005e-06, 1376.79, 1.80414, 1.52907, 0.00424855, 1.49996, 0.00467616, 'SS316L'
26, 5.55438, 9.67205e-05, 0.01178912, 0.00014865076926810704, 0.00653871, 0.00010675, 0.00525041, 0.000103448, 27.527, 0.208148, 1.42066, 0.0344417, 1.48351, 0.0441034, 'SS316L'
26, 7.85874, 5.82604e-05, 0.01269633, 9.004570834526208e-05, 0.00769794, 6.75142e-05, 0.00499839, 5.95824e-05, 63.0548, 0.297451, 1.44899, 0.0173518, 1.29887, 0.0180107, 'SS316L'
26, 9.2111, 0.000206276, 0.018281739999999998, 0.0003281513220208019, 0.0098853, 0.000236412, 0.00839644, 0.00022758, 10.2559, 0.103157, 1.37879, 0.0553204, 1.49639, 0.0732646, 'SS316L'
26, 9.62077, 6.55755e-05, 0.01152014, 0.00010068393308969412, 0.00661738, 7.30865e-05, 0.00490276, 6.92504e-05, 49.1751, 0.275928, 1.31024, 0.0180852, 1.33002, 0.0231321, 'SS316L'
26, 11.1074, 0.000930675, 0.022643820000000002, 0.0016627843091934684, 0.0128526, 0.00120717, 0.00979122, 0.0011435, 1.13306, 0.0352047, 1.474, 0.358594, 1.57414, 0.488766, 'SS316L'
26, 12.1087, 0.000267793, 0.019249580000000002, 0.0004429696413976922, 0.0120017, 0.000331244, 0.00724788, 0.000294108, 6.13606, 0.0784897, 1.44104, 0.0811254, 1.21942, 0.0776738, 'SS316L'
26, 12.419, 0.000289376, 0.0224205, 0.0004747930249550851, 0.0124754, 0.000345161, 0.0099451, 0.000326025, 6.42076, 0.0749528, 1.16937, 0.0506389, 1.34074, 0.0775946, 'SS316L'
28, 4.81113, 1.23617e-05, 0.00776688, 1.8309902304763946e-05, 0.00459933, 1.29596e-05, 0.00316755, 1.29345e-05, 286.515, 0.472054, 1.53045, 0.00564634, 1.34446, 0.00572197, 'SS316L'
28, 5.55739, 2.99123e-05, 0.01453877, 4.494265636085611e-05, 0.00894433, 3.34514e-05, 0.00559444, 3.00141e-05, 96.742, 0.19739, 1.7138, 0.0104342, 1.52103, 0.0109315, 'SS316L'
28, 7.85749, 4.96215e-05, 0.013724400000000001, 7.653578966973555e-05, 0.00862791, 5.76041e-05, 0.00509649, 5.03934e-05, 36.439, 0.126544, 1.5069, 0.0154425, 1.28071, 0.0152737, 'SS316L'
28, 9.21005, 4.47288e-05, 0.01829952, 6.784969035419396e-05, 0.0106584, 4.99254e-05, 0.00764112, 4.5946e-05, 57.6205, 0.136035, 1.49111, 0.0100128, 1.4511, 0.0117293, 'SS316L'
28, 9.62004, 7.16905e-05, 0.01261376, 0.00011292665739363758, 0.00739511, 8.35913e-05, 0.00521865, 7.59271e-05, 17.6539, 0.0934174, 1.30225, 0.0209959, 1.29163, 0.025788, 'SS316L'
28, 11.1072, 0.000156355, 0.0259029, 0.0002501290732342004, 0.0146199, 0.000182154, 0.011283, 0.000171419, 8.50247, 0.0453954, 1.3966, 0.0312145, 1.50653, 0.0432985, 'SS316L'
28, 12.1065, 5.37474e-05, 0.01777857, 8.510008909401917e-05, 0.0109539, 6.42034e-05, 0.00682467, 5.58565e-05, 35.4446, 0.109101, 1.31088, 0.0103254, 1.21164, 0.0116318, 'SS316L'
28, 12.4215, 0.000215206, 0.0250762, 0.00035436690274911396, 0.0143175, 0.000258642, 0.0107587, 0.00024224, 4.7241, 0.0354952, 1.26849, 0.0421405, 1.44738, 0.066233, 'SS316L'
