-0.6	1.286615411e-09
-0.5994	1.291774579e-09
-0.5988	1.296959632e-09
-0.5982	1.302170727e-09
-0.5976	1.30740802e-09
-0.597	1.312671669e-09
-0.5964	1.317961835e-09
-0.5958	1.323278677e-09
-0.5952	1.328622357e-09
-0.5946	1.333993037e-09
-0.594	1.339390882e-09
-0.5934	1.344816057e-09
-0.5928	1.350268727e-09
-0.5922	1.355749061e-09
-0.5916	1.361257227e-09
-0.591	1.366793394e-09
-0.5904	1.372357733e-09
-0.5898	1.377950418e-09
-0.5892	1.383571621e-09
-0.5886	1.389221516e-09
-0.588	1.394900281e-09
-0.5874	1.400608091e-09
-0.5868	1.406345126e-09
-0.5862	1.412111566e-09
-0.5856	1.41790759e-09
-0.585	1.423733383e-09
-0.5844	1.429589126e-09
-0.5838	1.435475006e-09
-0.5832	1.441391208e-09
-0.5826	1.44733792e-09
-0.582	1.453315332e-09
-0.5814	1.459323633e-09
-0.5808	1.465363015e-09
-0.5802	1.471433672e-09
-0.5796	1.477535798e-09
-0.579	1.483669588e-09
-0.5784	1.489835241e-09
-0.5778	1.496032956e-09
-0.5772	1.502262931e-09
-0.5766	1.50852537e-09
-0.576	1.514820475e-09
-0.5754	1.521148451e-09
-0.5748	1.527509504e-09
-0.5742	1.533903842e-09
-0.5736	1.540331675e-09
-0.573	1.546793212e-09
-0.5724	1.553288666e-09
-0.5718	1.559818252e-09
-0.5712	1.566382183e-09
-0.5706	1.572980679e-09
-0.57	1.579613956e-09
-0.5694	1.586282236e-09
-0.5688	1.59298574e-09
-0.5682	1.599724692e-09
-0.5676	1.606499317e-09
-0.567	1.613309841e-09
-0.5664	1.620156494e-09
-0.5658	1.627039505e-09
-0.5652	1.633959107e-09
-0.5646	1.640915533e-09
-0.564	1.647909018e-09
-0.5634	1.654939801e-09
-0.5628	1.662008118e-09
-0.5622	1.669114213e-09
-0.5616	1.676258326e-09
-0.561	1.683440702e-09
-0.5604	1.690661588e-09
-0.5598	1.697921231e-09
-0.5592	1.705219882e-09
-0.5586	1.712557791e-09
-0.558	1.719935214e-09
-0.5574	1.727352405e-09
-0.5568	1.734809622e-09
-0.5562	1.742307124e-09
-0.5556	1.749845173e-09
-0.555	1.757424033e-09
-0.5544	1.765043968e-09
-0.5538	1.772705246e-09
-0.5532	1.780408137e-09
-0.5526	1.788152912e-09
-0.552	1.795939845e-09
-0.5514	1.803769211e-09
-0.5508	1.811641288e-09
-0.5502	1.819556356e-09
-0.5496	1.827514697e-09
-0.549	1.835516596e-09
-0.5484	1.843562338e-09
-0.5478	1.851652213e-09
-0.5472	1.85978651e-09
-0.5466	1.867965524e-09
-0.546	1.876189549e-09
-0.5454	1.884458883e-09
-0.5448	1.892773826e-09
-0.5442	1.90113468e-09
-0.5436	1.90954175e-09
-0.543	1.917995342e-09
-0.5424	1.926495765e-09
-0.5418	1.935043333e-09
-0.5412	1.943638358e-09
-0.5406	1.952281156e-09
-0.54	1.960972048e-09
-0.5394	1.969711355e-09
-0.5388	1.9784994e-09
-0.5382	1.98733651e-09
-0.5376	1.996223014e-09
-0.537	2.005159244e-09
-0.5364	2.014145534e-09
-0.5358	2.023182222e-09
-0.5352	2.032269646e-09
-0.5346	2.041408148e-09
-0.534	2.050598075e-09
-0.5334	2.059839772e-09
-0.5328	2.069133591e-09
-0.5322	2.078479886e-09
-0.5316	2.08787901e-09
-0.531	2.097331325e-09
-0.5304	2.10683719e-09
-0.5298	2.116396972e-09
-0.5292	2.126011036e-09
-0.5286	2.135679753e-09
-0.528	2.145403497e-09
-0.5274	2.155182644e-09
-0.5268	2.165017573e-09
-0.5262	2.174908665e-09
-0.5256	2.184856308e-09
-0.525	2.194860888e-09
-0.5244	2.204922798e-09
-0.5238	2.215042433e-09
-0.5232	2.225220189e-09
-0.5226	2.235456468e-09
-0.522	2.245751674e-09
-0.5214	2.256106216e-09
-0.5208	2.266520503e-09
-0.5202	2.27699495e-09
-0.5196	2.287529974e-09
-0.519	2.298125997e-09
-0.5184	2.308783442e-09
-0.5178	2.319502737e-09
-0.5172	2.330284314e-09
-0.5166	2.341128607e-09
-0.516	2.352036055e-09
-0.5154	2.363007099e-09
-0.5148	2.374042185e-09
-0.5142	2.385141762e-09
-0.5136	2.396306283e-09
-0.513	2.407536205e-09
-0.5124	2.418831987e-09
-0.5118	2.430194093e-09
-0.5112	2.441622992e-09
-0.5106	2.453119156e-09
-0.51	2.464683059e-09
-0.5094	2.476315182e-09
-0.5088	2.488016007e-09
-0.5082	2.499786023e-09
-0.5076	2.511625721e-09
-0.507	2.523535597e-09
-0.5064	2.535516149e-09
-0.5058	2.547567883e-09
-0.5052	2.559691307e-09
-0.5046	2.571886932e-09
-0.504	2.584155275e-09
-0.5034	2.596496858e-09
-0.5028	2.608912205e-09
-0.5022	2.621401846e-09
-0.5016	2.633966316e-09
-0.501	2.646606152e-09
-0.5004	2.659321899e-09
-0.4998	2.672114103e-09
-0.4992	2.684983317e-09
-0.4986	2.697930099e-09
-0.498	2.710955009e-09
-0.4974	2.724058615e-09
-0.4968	2.737241487e-09
-0.4962	2.750504202e-09
-0.4956	2.76384734e-09
-0.495	2.777271488e-09
-0.4944	2.790777236e-09
-0.4938	2.80436518e-09
-0.4932	2.818035922e-09
-0.4926	2.831790068e-09
-0.492	2.845628228e-09
-0.4914	2.85955102e-09
-0.4908	2.873559065e-09
-0.4902	2.887652991e-09
-0.4896	2.901833429e-09
-0.489	2.916101019e-09
-0.4884	2.930456403e-09
-0.4878	2.944900231e-09
-0.4872	2.959433158e-09
-0.4866	2.974055843e-09
-0.486	2.988768953e-09
-0.4854	3.00357316e-09
-0.4848	3.018469141e-09
-0.4842	3.03345758e-09
-0.4836	3.048539166e-09
-0.483	3.063714596e-09
-0.4824	3.078984569e-09
-0.4818	3.094349795e-09
-0.4812	3.109810987e-09
-0.4806	3.125368865e-09
-0.48	3.141024155e-09
-0.4794	3.156777591e-09
-0.4788	3.172629912e-09
-0.4782	3.188581863e-09
-0.4776	3.204634197e-09
-0.477	3.220787673e-09
-0.4764	3.237043056e-09
-0.4758	3.253401119e-09
-0.4752	3.269862641e-09
-0.4746	3.286428409e-09
-0.474	3.303099215e-09
-0.4734	3.319875861e-09
-0.4728	3.336759152e-09
-0.4722	3.353749904e-09
-0.4716	3.370848938e-09
-0.471	3.388057085e-09
-0.4704	3.405375179e-09
-0.4698	3.422804066e-09
-0.4692	3.440344596e-09
-0.4686	3.45799763e-09
-0.468	3.475764034e-09
-0.4674	3.493644683e-09
-0.4668	3.51164046e-09
-0.4662	3.529752255e-09
-0.4656	3.547980967e-09
-0.465	3.566327504e-09
-0.4644	3.584792779e-09
-0.4638	3.603377716e-09
-0.4632	3.622083248e-09
-0.4626	3.640910313e-09
-0.462	3.659859862e-09
-0.4614	3.678932852e-09
-0.4608	3.698130248e-09
-0.4602	3.717453026e-09
-0.4596	3.736902169e-09
-0.459	3.756478671e-09
-0.4584	3.776183534e-09
-0.4578	3.796017769e-09
-0.4572	3.815982396e-09
-0.4566	3.836078446e-09
-0.456	3.856306958e-09
-0.4554	3.876668982e-09
-0.4548	3.897165575e-09
-0.4542	3.917797807e-09
-0.4536	3.938566756e-09
-0.453	3.959473511e-09
-0.4524	3.98051917e-09
-0.4518	4.001704843e-09
-0.4512	4.023031648e-09
-0.4506	4.044500716e-09
-0.45	4.066113186e-09
-0.4494	4.087870209e-09
-0.4488	4.109772948e-09
-0.4482	4.131822575e-09
-0.4476	4.154020274e-09
-0.447	4.176367238e-09
-0.4464	4.198864676e-09
-0.4458	4.221513803e-09
-0.4452	4.244315849e-09
-0.4446	4.267272055e-09
-0.444	4.290383673e-09
-0.4434	4.313651967e-09
-0.4428	4.337078213e-09
-0.4422	4.3606637e-09
-0.4416	4.384409728e-09
-0.441	4.408317612e-09
-0.4404	4.432388675e-09
-0.4398	4.456624257e-09
-0.4392	4.481025709e-09
-0.4386	4.505594394e-09
-0.438	4.530331691e-09
-0.4374	4.555238989e-09
-0.4368	4.580317692e-09
-0.4362	4.605569218e-09
-0.4356	4.630994999e-09
-0.435	4.656596478e-09
-0.4344	4.682375114e-09
-0.4338	4.708332382e-09
-0.4332	4.734469768e-09
-0.4326	4.760788774e-09
-0.432	4.787290917e-09
-0.4314	4.813977728e-09
-0.4308	4.840850753e-09
-0.4302	4.867911554e-09
-0.4296	4.895161707e-09
-0.429	4.922602805e-09
-0.4284	4.950236455e-09
-0.4278	4.978064281e-09
-0.4272	5.006087922e-09
-0.4266	5.034309035e-09
-0.426	5.06272929e-09
-0.4254	5.091350378e-09
-0.4248	5.120174004e-09
-0.4242	5.149201889e-09
-0.4236	5.178435773e-09
-0.423	5.207877414e-09
-0.4224	5.237528584e-09
-0.4218	5.267391077e-09
-0.4212	5.297466702e-09
-0.4206	5.327757286e-09
-0.42	5.358264677e-09
-0.4194	5.388990739e-09
-0.4188	5.419937355e-09
-0.4182	5.451106429e-09
-0.4176	5.482499881e-09
-0.417	5.514119653e-09
-0.4164	5.545967706e-09
-0.4158	5.578046019e-09
-0.4152	5.610356594e-09
-0.4146	5.642901452e-09
-0.414	5.675682634e-09
-0.4134	5.708702201e-09
-0.4128	5.741962239e-09
-0.4122	5.77546485e-09
-0.4116	5.809212161e-09
-0.411	5.84320632e-09
-0.4104	5.877449497e-09
-0.4098	5.911943884e-09
-0.4092	5.946691696e-09
-0.4086	5.981695169e-09
-0.408	6.016956565e-09
-0.4074	6.052478168e-09
-0.4068	6.088262284e-09
-0.4062	6.124311246e-09
-0.4056	6.16062741e-09
-0.405	6.197213155e-09
-0.4044	6.234070886e-09
-0.4038	6.271203033e-09
-0.4032	6.308612052e-09
-0.4026	6.346300424e-09
-0.402	6.384270655e-09
-0.4014	6.422525279e-09
-0.4008	6.461066856e-09
-0.4002	6.499897972e-09
-0.3996	6.539021242e-09
-0.399	6.578439308e-09
-0.3984	6.618154838e-09
-0.3978	6.65817053e-09
-0.3972	6.698489112e-09
-0.3966	6.739113337e-09
-0.396	6.780045992e-09
-0.3954	6.821289889e-09
-0.3948	6.862847873e-09
-0.3942	6.90472282e-09
-0.3936	6.946917633e-09
-0.393	6.98943525e-09
-0.3924	7.032278639e-09
-0.3918	7.075450799e-09
-0.3912	7.118954763e-09
-0.3906	7.162793594e-09
-0.39	7.206970392e-09
-0.3894	7.251488288e-09
-0.3888	7.296350446e-09
-0.3882	7.341560066e-09
-0.3876	7.387120383e-09
-0.387	7.433034666e-09
-0.3864	7.47930622e-09
-0.3858	7.525938387e-09
-0.3852	7.572934544e-09
-0.3846	7.620298105e-09
-0.384	7.668032523e-09
-0.3834	7.716141288e-09
-0.3828	7.764627928e-09
-0.3822	7.81349601e-09
-0.3816	7.862749141e-09
-0.381	7.912390967e-09
-0.3804	7.962425175e-09
-0.3798	8.012855493e-09
-0.3792	8.063685689e-09
-0.3786	8.114919575e-09
-0.378	8.166561004e-09
-0.3774	8.218613872e-09
-0.3768	8.271082119e-09
-0.3762	8.323969728e-09
-0.3756	8.377280729e-09
-0.375	8.431019196e-09
-0.3744	8.485189247e-09
-0.3738	8.539795049e-09
-0.3732	8.594840815e-09
-0.3726	8.650330805e-09
-0.372	8.706269329e-09
-0.3714	8.762660743e-09
-0.3708	8.819509455e-09
-0.3702	8.876819922e-09
-0.3696	8.934596653e-09
-0.369	8.992844206e-09
-0.3684	9.051567193e-09
-0.3678	9.110770278e-09
-0.3672	9.170458179e-09
-0.3666	9.230635668e-09
-0.366	9.291307572e-09
-0.3654	9.352478774e-09
-0.3648	9.414154211e-09
-0.3642	9.47633888e-09
-0.3636	9.539037835e-09
-0.363	9.602256187e-09
-0.3624	9.665999109e-09
-0.3618	9.730271832e-09
-0.3612	9.79507965e-09
-0.3606	9.860427916e-09
-0.36	9.926322049e-09
-0.3594	9.992767528e-09
-0.3588	1.00597699e-08
-0.3582	1.012733477e-08
-0.3576	1.019546782e-08
-0.357	1.02641748e-08
-0.3564	1.03334615e-08
-0.3558	1.040333382e-08
-0.3552	1.04737977e-08
-0.3546	1.054485916e-08
-0.354	1.061652429e-08
-0.3534	1.068879927e-08
-0.3528	1.076169031e-08
-0.3522	1.083520375e-08
-0.3516	1.090934596e-08
-0.351	1.098412341e-08
-0.3504	1.105954265e-08
-0.3498	1.113561028e-08
-0.3492	1.121233303e-08
-0.3486	1.128971765e-08
-0.348	1.136777103e-08
-0.3474	1.144650011e-08
-0.3468	1.152591191e-08
-0.3462	1.160601356e-08
-0.3456	1.168681226e-08
-0.345	1.17683153e-08
-0.3444	1.185053005e-08
-0.3438	1.1933464e-08
-0.3432	1.201712471e-08
-0.3426	1.210151982e-08
-0.342	1.218665709e-08
-0.3414	1.227254437e-08
-0.3408	1.23591896e-08
-0.3402	1.244660081e-08
-0.3396	1.253478615e-08
-0.339	1.262375386e-08
-0.3384	1.271351228e-08
-0.3378	1.280406987e-08
-0.3372	1.289543517e-08
-0.3366	1.298761684e-08
-0.336	1.308062366e-08
-0.3354	1.31744645e-08
-0.3348	1.326914835e-08
-0.3342	1.336468432e-08
-0.3336	1.346108163e-08
-0.333	1.355834961e-08
-0.3324	1.365649772e-08
-0.3318	1.375553552e-08
-0.3312	1.385547272e-08
-0.3306	1.395631913e-08
-0.33	1.40580847e-08
-0.3294	1.41607795e-08
-0.3288	1.426441372e-08
-0.3282	1.436899771e-08
-0.3276	1.447454192e-08
-0.327	1.458105695e-08
-0.3264	1.468855354e-08
-0.3258	1.479704256e-08
-0.3252	1.490653502e-08
-0.3246	1.501704209e-08
-0.324	1.512857507e-08
-0.3234	1.524114541e-08
-0.3228	1.53547647e-08
-0.3222	1.546944469e-08
-0.3216	1.55851973e-08
-0.321	1.570203459e-08
-0.3204	1.581996876e-08
-0.3198	1.593901221e-08
-0.3192	1.605917747e-08
-0.3186	1.618047726e-08
-0.318	1.630292445e-08
-0.3174	1.64265321e-08
-0.3168	1.655131341e-08
-0.3162	1.667728181e-08
-0.3156	1.680445084e-08
-0.315	1.693283429e-08
-0.3144	1.706244609e-08
-0.3138	1.719330037e-08
-0.3132	1.732541144e-08
-0.3126	1.745879383e-08
-0.312	1.759346224e-08
-0.3114	1.772943158e-08
-0.3108	1.786671696e-08
-0.3102	1.800533369e-08
-0.3096	1.81452973e-08
-0.309	1.828662352e-08
-0.3084	1.842932829e-08
-0.3078	1.85734278e-08
-0.3072	1.871893842e-08
-0.3066	1.886587677e-08
-0.306	1.90142597e-08
-0.3054	1.916410427e-08
-0.3048	1.931542781e-08
-0.3042	1.946824785e-08
-0.3036	1.96225822e-08
-0.303	1.97784489e-08
-0.3024	1.993586624e-08
-0.3018	2.009485277e-08
-0.3012	2.025542729e-08
-0.3006	2.041760888e-08
-0.3	2.058141688e-08
-0.2994	2.074687089e-08
-0.2988	2.091399081e-08
-0.2982	2.10827968e-08
-0.2976	2.125330932e-08
-0.297	2.14255491e-08
-0.2964	2.159953719e-08
-0.2958	2.177529493e-08
-0.2952	2.195284396e-08
-0.2946	2.213220623e-08
-0.294	2.2313404e-08
-0.2934	2.249645986e-08
-0.2928	2.268139673e-08
-0.2922	2.286823784e-08
-0.2916	2.305700678e-08
-0.291	2.324772745e-08
-0.2904	2.344042413e-08
-0.2898	2.363512142e-08
-0.2892	2.383184432e-08
-0.2886	2.403061815e-08
-0.288	2.423146863e-08
-0.2874	2.443442186e-08
-0.2868	2.463950428e-08
-0.2862	2.484674278e-08
-0.2856	2.505616461e-08
-0.285	2.526779742e-08
-0.2844	2.548166929e-08
-0.2838	2.569780871e-08
-0.2832	2.591624457e-08
-0.2826	2.613700623e-08
-0.282	2.636012346e-08
-0.2814	2.658562648e-08
-0.2808	2.681354598e-08
-0.2802	2.70439131e-08
-0.2796	2.727675944e-08
-0.279	2.751211708e-08
-0.2784	2.775001861e-08
-0.2778	2.799049708e-08
-0.2772	2.823358607e-08
-0.2766	2.847931965e-08
-0.276	2.872773242e-08
-0.2754	2.89788595e-08
-0.2748	2.923273658e-08
-0.2742	2.948939985e-08
-0.2736	2.97488861e-08
-0.273	3.001123266e-08
-0.2724	3.027647745e-08
-0.2718	3.054465897e-08
-0.2712	3.081581633e-08
-0.2706	3.108998924e-08
-0.27	3.136721804e-08
-0.2694	3.164754367e-08
-0.2688	3.193100776e-08
-0.2682	3.221765255e-08
-0.2676	3.250752096e-08
-0.267	3.280065661e-08
-0.2664	3.309710377e-08
-0.2658	3.339690745e-08
-0.2652	3.370011334e-08
-0.2646	3.400676788e-08
-0.264	3.431691824e-08
-0.2634	3.463061236e-08
-0.2628	3.494789894e-08
-0.2622	3.526882745e-08
-0.2616	3.559344817e-08
-0.261	3.592181219e-08
-0.2604	3.625397143e-08
-0.2598	3.658997865e-08
-0.2592	3.692988746e-08
-0.2586	3.727375234e-08
-0.258	3.762162868e-08
-0.2574	3.797357277e-08
-0.2568	3.832964181e-08
-0.2562	3.868989395e-08
-0.2556	3.90543883e-08
-0.255	3.942318495e-08
-0.2544	3.979634497e-08
-0.2538	4.017393046e-08
-0.2532	4.055600454e-08
-0.2526	4.094263141e-08
-0.252	4.13338763e-08
-0.2514	4.172980557e-08
-0.2508	4.213048668e-08
-0.2502	4.253598823e-08
-0.2496	4.294637997e-08
-0.249	4.336173284e-08
-0.2484	4.378211898e-08
-0.2478	4.420761176e-08
-0.2472	4.46382858e-08
-0.2466	4.507421698e-08
-0.246	4.55154825e-08
-0.2454	4.596216088e-08
-0.2448	4.641433198e-08
-0.2442	4.687207707e-08
-0.2436	4.733547878e-08
-0.243	4.78046212e-08
-0.2424	4.827958989e-08
-0.2418	4.876047188e-08
-0.2412	4.924735574e-08
-0.2406	4.974033157e-08
-0.24	5.023949108e-08
-0.2394	5.074492755e-08
-0.2388	5.125673597e-08
-0.2382	5.177501294e-08
-0.2376	5.229985684e-08
-0.237	5.283136774e-08
-0.2364	5.336964754e-08
-0.2358	5.391479994e-08
-0.2352	5.44669305e-08
-0.2346	5.502614667e-08
-0.234	5.559255785e-08
-0.2334	5.616627541e-08
-0.2328	5.674741273e-08
-0.2322	5.733608526e-08
-0.2316	5.793241054e-08
-0.231	5.853650825e-08
-0.2304	5.914850027e-08
-0.2298	5.976851073e-08
-0.2292	6.0396666e-08
-0.2286	6.103309483e-08
-0.228	6.16779283e-08
-0.2274	6.233129997e-08
-0.2268	6.299334584e-08
-0.2262	6.366420448e-08
-0.2256	6.434401701e-08
-0.225	6.503292722e-08
-0.2244	6.57310816e-08
-0.2238	6.64386294e-08
-0.2232	6.715572267e-08
-0.2226	6.788251637e-08
-0.222	6.861916836e-08
-0.2214	6.936583955e-08
-0.2208	7.012269389e-08
-0.2202	7.08898985e-08
-0.2196	7.166762366e-08
-0.219	7.245604298e-08
-0.2184	7.325533339e-08
-0.2178	7.406567525e-08
-0.2172	7.488725242e-08
-0.2166	7.572025235e-08
-0.216	7.656486613e-08
-0.2154	7.74212886e-08
-0.2148	7.828971843e-08
-0.2142	7.917035818e-08
-0.2136	8.006341444e-08
-0.213	8.096909786e-08
-0.2124	8.188762328e-08
-0.2118	8.281920982e-08
-0.2112	8.376408097e-08
-0.2106	8.47224647e-08
-0.21	8.569459355e-08
-0.2094	8.668070474e-08
-0.2088	8.768104029e-08
-0.2082	8.869584712e-08
-0.2076	8.972537715e-08
-0.207	9.076988745e-08
-0.2064	9.182964032e-08
-0.2058	9.290490346e-08
-0.2052	9.399595006e-08
-0.2046	9.510305892e-08
-0.204	9.622651464e-08
-0.2034	9.736660768e-08
-0.2028	9.852363457e-08
-0.2022	9.969789802e-08
-0.2016	1.00889707e-07
-0.201	1.020993772e-07
-0.2004	1.033272306e-07
-0.1998	1.045735962e-07
-0.1992	1.058388099e-07
-0.1986	1.071232148e-07
-0.198	1.084271612e-07
-0.1974	1.09751007e-07
-0.1968	1.110951177e-07
-0.1962	1.124598667e-07
-0.1956	1.138456353e-07
-0.195	1.152528133e-07
-0.1944	1.166817986e-07
-0.1938	1.181329983e-07
-0.1932	1.196068277e-07
-0.1926	1.211037119e-07
-0.192	1.226240847e-07
-0.1914	1.2416839e-07
-0.1908	1.257370811e-07
-0.1902	1.273306216e-07
-0.1896	1.289494852e-07
-0.189	1.305941565e-07
-0.1884	1.322651305e-07
-0.1878	1.339629138e-07
-0.1872	1.356880241e-07
-0.1866	1.374409908e-07
-0.186	1.392223555e-07
-0.1854	1.410326719e-07
-0.1848	1.428725065e-07
-0.1842	1.447424388e-07
-0.1836	1.466430613e-07
-0.183	1.485749806e-07
-0.1824	1.50538817e-07
-0.1818	1.525352054e-07
-0.1812	1.545647953e-07
-0.1806	1.566282515e-07
-0.18	1.587262543e-07
-0.1794	1.608595001e-07
-0.1788	1.630287016e-07
-0.1782	1.652345885e-07
-0.1776	1.674779077e-07
-0.177	1.69759424e-07
-0.1764	1.720799204e-07
-0.1758	1.744401989e-07
-0.1752	1.768410805e-07
-0.1746	1.792834062e-07
-0.174	1.817680376e-07
-0.1734	1.842958568e-07
-0.1728	1.868677678e-07
-0.1722	1.894846967e-07
-0.1716	1.921475922e-07
-0.171	1.948574265e-07
-0.1704	1.97615196e-07
-0.1698	2.004219217e-07
-0.1692	2.032786501e-07
-0.1686	2.061864539e-07
-0.168	2.091464327e-07
-0.1674	2.12159714e-07
-0.1668	2.152274535e-07
-0.1662	2.183508364e-07
-0.1656	2.215310783e-07
-0.165	2.247694256e-07
-0.1644	2.280671568e-07
-0.1638	2.314255834e-07
-0.1632	2.348460506e-07
-0.1626	2.383299389e-07
-0.162	2.418786643e-07
-0.1614	2.454936801e-07
-0.1608	2.491764777e-07
-0.1602	2.529285879e-07
-0.1596	2.567515817e-07
-0.159	2.606470719e-07
-0.1584	2.646167145e-07
-0.1578	2.686622096e-07
-0.1572	2.727853028e-07
-0.1566	2.769877871e-07
-0.156	2.812715037e-07
-0.1554	2.856383439e-07
-0.1548	2.900902507e-07
-0.1542	2.946292201e-07
-0.1536	2.992573031e-07
-0.153	3.039766071e-07
-0.1524	3.087892981e-07
-0.1518	3.136976021e-07
-0.1512	3.187038075e-07
-0.1506	3.238102666e-07
-0.15	3.29019398e-07
-0.1494	3.343336886e-07
-0.1488	3.397556961e-07
-0.1482	3.452880506e-07
-0.1476	3.509334579e-07
-0.147	3.566947011e-07
-0.1464	3.625746438e-07
-0.1458	3.685762325e-07
-0.1452	3.747024993e-07
-0.1446	3.809565649e-07
-0.144	3.873416414e-07
-0.1434	3.938610356e-07
-0.1428	4.00518152e-07
-0.1422	4.073164962e-07
-0.1416	4.142596783e-07
-0.141	4.213514167e-07
-0.1404	4.285955412e-07
-0.1398	4.359959978e-07
-0.1392	4.435568518e-07
-0.1386	4.512822927e-07
-0.138	4.591766377e-07
-0.1374	4.672443373e-07
-0.1368	4.75489979e-07
-0.1362	4.839182926e-07
-0.1356	4.925341552e-07
-0.135	5.013425966e-07
-0.1344	5.103488044e-07
-0.1338	5.195581304e-07
-0.1332	5.289760955e-07
-0.1326	5.386083969e-07
-0.132	5.484609139e-07
-0.1314	5.585397149e-07
-0.1308	5.688510641e-07
-0.1302	5.794014292e-07
-0.1296	5.901974883e-07
-0.129	6.012461385e-07
-0.1284	6.125545037e-07
-0.1278	6.241299432e-07
-0.1272	6.359800609e-07
-0.1266	6.481127142e-07
-0.126	6.605360241e-07
-0.1254	6.732583851e-07
-0.1248	6.862884759e-07
-0.1242	6.996352705e-07
-0.1236	7.133080495e-07
-0.123	7.273164123e-07
-0.1224	7.416702899e-07
-0.1218	7.563799574e-07
-0.1212	7.714560485e-07
-0.1206	7.869095693e-07
-0.12	8.027519133e-07
-0.1194	8.189948774e-07
-0.1188	8.356506782e-07
-0.1182	8.527319688e-07
-0.1176	8.702518572e-07
-0.117	8.882239246e-07
-0.1164	9.066622457e-07
-0.1158	9.255814084e-07
-0.1152	9.44996536e-07
-0.1146	9.649233097e-07
-0.114	9.853779917e-07
-0.1134	1.006377451e-06
-0.1128	1.027939187e-06
-0.1122	1.050081361e-06
-0.1116	1.072822819e-06
-0.111	1.096183129e-06
-0.1104	1.120182603e-06
-0.1098	1.144842339e-06
-0.1092	1.17018425e-06
-0.1086	1.196231102e-06
-0.108	1.223006554e-06
-0.1074	1.250535193e-06
-0.1068	1.278842582e-06
-0.1062	1.307955301e-06
-0.1056	1.337900993e-06
-0.105	1.368708417e-06
-0.1044	1.400407493e-06
-0.1038	1.433029363e-06
-0.1032	1.466606443e-06
-0.1026	1.501172486e-06
-0.102	1.536762644e-06
-0.1014	1.573413535e-06
-0.1008	1.611163313e-06
-0.1002	1.650051744e-06
-0.0996	1.69012028e-06
-0.099	1.731412145e-06
-0.0984	1.773972421e-06
-0.0978	1.817848139e-06
-0.0972	1.863088379e-06
-0.0966	1.909744367e-06
-0.096	1.957869587e-06
-0.0954	2.007519896e-06
-0.0948	2.058753641e-06
-0.0942	2.111631791e-06
-0.0936	2.166218071e-06
-0.093	2.222579103e-06
-0.0924	2.28078456e-06
-0.0918	2.340907329e-06
-0.0912	2.403023674e-06
-0.0906	2.467213423e-06
-0.09	2.533560157e-06
-0.0894	2.602151413e-06
-0.0888	2.673078899e-06
-0.0882	2.746438722e-06
-0.0876	2.822331633e-06
-0.087	2.900863285e-06
-0.0864	2.982144504e-06
-0.0858	3.066291584e-06
-0.0852	3.153426596e-06
-0.0846	3.243677716e-06
-0.084	3.337179582e-06
-0.0834	3.434073664e-06
-0.0828	3.534508664e-06
-0.0822	3.638640942e-06
-0.0816	3.746634969e-06
-0.081	3.858663814e-06
-0.0804	3.974909658e-06
-0.0798	4.095564346e-06
-0.0792	4.220829981e-06
-0.0786	4.350919552e-06
-0.078	4.486057609e-06
-0.0774	4.626480989e-06
-0.0768	4.772439584e-06
-0.0762	4.924197177e-06
-0.0756	5.082032323e-06
-0.075	5.246239308e-06
-0.0744	5.417129171e-06
-0.0738	5.595030799e-06
-0.0732	5.780292108e-06
-0.0726	5.973281315e-06
-0.072	6.174388296e-06
-0.0714	6.384026059e-06
-0.0708	6.60263232e-06
-0.0702	6.830671213e-06
-0.0696	7.068635118e-06
-0.069	7.317046651e-06
-0.0684	7.576460795e-06
-0.0678	7.847467216e-06
-0.0672	8.130692758e-06
-0.0666	8.426804146e-06
-0.066	8.736510909e-06
-0.0654	9.06056855e-06
-0.0648	9.399781976e-06
-0.0642	9.755009228e-06
-0.0636	1.012716552e-05
-0.063	1.051722763e-05
-0.0624	1.092623869e-05
-0.0618	1.135531337e-05
-0.0612	1.180564351e-05
-0.0606	1.227850437e-05
-0.06	1.277526125e-05
-0.0594	1.329737691e-05
-0.0588	1.384641957e-05
-0.0582	1.442407165e-05
-0.0576	1.503213943e-05
-0.057	1.567256352e-05
-0.0564	1.634743041e-05
-0.0558	1.705898512e-05
-0.0552	1.780964514e-05
-0.0546	1.860201564e-05
-0.054	1.943890641e-05
-0.0534	2.032335031e-05
-0.0528	2.125862378e-05
-0.0522	2.224826945e-05
-0.0516	2.329612104e-05
-0.051	2.440633109e-05
-0.0504	2.558340151e-05
-0.0498	2.683221758e-05
-0.0492	2.81580857e-05
-0.0486	2.956677529e-05
-0.048	3.106456552e-05
-0.0474	3.265829738e-05
-0.0468	3.435543179e-05
-0.0462	3.616411456e-05
-0.0456	3.809324911e-05
-0.045	4.015257793e-05
-0.0444	4.235277411e-05
-0.0438	4.470554414e-05
-0.0432	4.722374373e-05
-0.0426	4.992150832e-05
-0.042	5.281440059e-05
-0.0414	5.591957726e-05
-0.0408	5.925597814e-05
-0.0402	6.284454073e-05
-0.0396	6.670844428e-05
-0.039	7.087338784e-05
-0.0384	7.536790765e-05
-0.0378	8.022374011e-05
-0.0372	8.547623776e-05
-0.0366	9.116484693e-05
-0.036	9.733365744e-05
-0.0354	0.0001040320366
-0.0348	0.0001113153617
-0.0342	0.0001192458694
-0.0336	0.0001278936414
-0.033	0.0001373377521
-0.0324	0.0001476676088
-0.0318	0.0001589845193
-0.0312	0.0001714035319
-0.0306	0.0001850556008
-0.03	0.0002000901414
-0.0294	0.0002166780558
-0.0288	0.0002350153256
-0.0282	0.000255327292
-0.0276	0.0002778737728
-0.027	0.0003029552008
-0.0264	0.000330920014
-0.0258	0.0003621735873
-0.0252	0.0003971890684
-0.0246	0.0004365205796
-0.024	0.0004808193681
-0.0234	0.0005308536528
-0.0228	0.0005875331253
-0.0222	0.0006519393429
-0.0216	0.0007253636201
-0.021	0.0008093545159
-0.0204	0.000905777675
-0.0198	0.00101689167
-0.0192	0.001145444697
-0.0186	0.001294798642
-0.018	0.001469089302
-0.0174	0.001673434737
-0.0168	0.001914208165
-0.0162	0.002199398106
-0.0156	0.002539087451
-0.015	0.002946096032
-0.0144	0.003436850012
-0.0138	0.004032568896
-0.0132	0.004760901641
-0.0126	0.005658204136
-0.012	0.006772742078
-0.0114	0.008169242966
-0.0108	0.009935435495
-0.0102	0.01219154637
-0.0096	0.01510424012
-0.009	0.01890728935
-0.0084	0.02393250333
-0.0078	0.03065633036
-0.0072	0.03977031361
-0.0066	0.05228729686
-0.006	0.06969926951
-0.0054	0.09420382847
-0.0048	0.1290041392
-0.0042	0.1786340529
-0.0036	0.2491013351
-0.003	0.3472667434
-0.0024	0.4782286033
-0.0018	0.6390782755
-0.0012	0.809416406
-0.0006	0.9464919908
0	1
0.0006	0.9792274298
0.0012	0.9194989711
0.0018	0.8280447846
0.0024	0.7152792289
0.003	0.5928351058
0.0036	0.4716048968
0.0042	0.360238184
0.0048	0.2643500956
0.0054	0.1864608975
0.006	0.1264976822
0.0066	0.08259578949
0.0072	0.05194363128
0.0078	0.0314881402
0.0084	0.01841468018
0.009	0.01039836406
0.0096	0.005674764574
0.0102	0.00299589221
0.0108	0.001531534492
0.0114	0.0007589055402
0.012	0.0003648854165
0.0126	0.0001704072989
0.0132	7.738265128e-05
0.0138	3.420484216e-05
0.0144	1.473287e-05
0.015	6.190288589e-06
0.0156	2.539951925e-06
0.0162	1.018817386e-06
0.0168	3.999311618e-07
0.0174	1.537975417e-07
0.018	5.800164575e-08
0.0186	2.147350109e-08
0.0192	7.812216964e-09
0.0198	2.795654771e-09
0.0204	9.850322247e-10
0.021	3.420465114e-10
0.0216	1.171622503e-10
0.0222	3.962300507e-11
0.0228	1.324166667e-11
0.0234	4.376636998e-12
0.024	1.431847135e-12
0.0246	4.6403957e-13
0.0252	1.490897777e-13
0.0258	4.75221087e-14
0.0264	1.503859514e-14
0.027	4.728023295e-15
0.0276	1.477740484e-15
0.0282	4.59448605e-16
0.0288	1.421865696e-16
0.0294	4.382426517e-17
0.03	1.346002241e-17
0.0306	4.12175309e-18
0.0312	1.259049375e-18
0.0318	3.838287876e-19
0.0324	1.168330802e-19
0.033	3.552364457e-20
0.0336	1.079377123e-20
0.0342	3.278721186e-21
0.0348	9.960341144e-22
0.0354	3.027170157e-22
0.036	9.207435219e-23
0.0366	2.803614072e-23
0.0372	8.548826132e-24
0.0378	2.611122019e-24
0.0384	7.990925157e-25
0.039	2.450903915e-25
0.0396	7.535612399e-26
0.0402	2.323118983e-26
0.0408	7.182517902e-27
0.0414	2.227514091e-27
0.042	6.93080114e-28
0.0426	2.163920428e-28
0.0432	6.780547345e-29
0.0438	2.132651632e-29
0.0444	6.733927319e-30
0.045	2.134851494e-30
0.0456	6.796276225e-31
0.0462	2.172841306e-31
0.0468	6.977253535e-32
0.0474	2.250520175e-32
0.048	7.292263062e-33
0.0486	2.373879767e-33
0.0492	7.764349444e-34
0.0498	2.551711388e-34
0.0504	8.426857246e-35
0.051	2.796612332e-35
0.0516	9.327257747e-36
0.0522	3.126446606e-36
0.0528	1.053274262e-36
0.0534	3.566493114e-37
0.054	1.2138496e-37
0.0546	4.152639418e-38
0.0552	1.428005789e-38
0.0558	4.936180534e-39
0.0564	1.715200119e-39
0.057	5.991108385e-40
0.0576	2.103646273e-40
0.0582	7.425311292e-41
0.0588	2.634723571e-41
0.0594	9.397985499e-42
0.06	3.369873558e-42
0.0606	1.214703672e-42
0.0612	4.401521328e-43
0.0618	1.60327467e-43
0.0624	5.870590519e-44
0.063	2.160825391e-44
0.0636	7.994957091e-45
0.0642	2.97348007e-45
0.0648	1.111628219e-45
0.0654	4.177267884e-46
0.066	1.577812359e-46
0.0666	5.990183719e-47
0.0672	2.28579722e-47
0.0678	8.766749042e-48
0.0684	3.379347764e-48
0.069	1.30921316e-48
0.0696	5.097536679e-49
0.0702	1.99467387e-49
0.0708	7.843929584e-50
0.0714	3.099803338e-50
0.072	1.23100954e-50
0.0726	4.912509789e-51
0.0732	1.9699167e-51
0.0738	7.937472003e-52
0.0744	3.213614419e-52
0.075	1.307283214e-52
0.0756	5.343144868e-53
0.0762	2.194130326e-53
0.0768	9.052172842e-54
0.0774	3.751930969e-54
0.078	1.562265964e-54
0.0786	6.534911381e-55
0.0792	2.745967773e-55
0.0798	1.159066943e-55
0.0804	4.914340648e-56
0.081	2.092916578e-56
0.0816	8.952714734e-57
0.0822	3.846448931e-57
0.0828	1.659792549e-57
0.0834	7.193205809e-58
0.084	3.130777649e-58
0.0846	1.368451048e-58
0.0852	6.006754374e-59
0.0858	2.647709494e-59
0.0864	1.171944282e-59
0.087	5.208781328e-60
0.0876	2.324578494e-60
0.0882	1.041640077e-60
0.0888	4.68643955e-61
0.0894	2.116931396e-61
0.09	9.600538339e-62
0.0906	4.371153938e-62
0.0912	1.997998092e-62
0.0918	9.168099105e-63
0.0924	4.223141883e-63
0.093	1.952770222e-63
0.0936	9.063850733e-64
0.0942	4.222868776e-64
0.0948	1.974798819e-64
0.0954	9.269276494e-65
0.096	4.366805804e-65
0.0966	2.064735518e-65
0.0972	9.797945465e-66
0.0978	4.666199111e-66
0.0984	2.23016443e-66
0.099	1.06965487e-66
0.0996	5.148391002e-67
0.1002	2.486614257e-67
0.1008	1.205153705e-67
0.1014	5.860865531e-68
0.102	2.859924945e-68
0.1026	1.400262429e-68
0.1032	6.878830597e-69
0.1038	3.390460745e-69
0.1044	1.676603626e-69
0.105	8.31799007e-70
0.1056	4.140106832e-70
0.1062	2.067277535e-70
0.1068	1.035545386e-70
0.1074	5.203693773e-71
0.108	2.62310566e-71
0.1086	1.326388088e-71
0.1092	6.727684651e-72
0.1098	3.422869408e-72
0.1104	1.746764361e-72
0.111	8.941024761e-73
0.1116	4.590278564e-73
0.1122	2.363629683e-73
0.1128	1.220670506e-73
0.1134	6.322460934e-74
0.114	3.284223487e-74
0.1146	1.710914646e-74
0.1152	8.938474749e-75
0.1158	4.68304524e-75
0.1164	2.460445049e-75
0.117	1.296313298e-75
0.1176	6.848697247e-76
0.1182	3.628260251e-76
0.1188	1.927401693e-76
0.1194	1.026645107e-76
0.12	5.483196278e-77
0.1206	2.936322258e-77
0.1212	1.576599303e-77
0.1218	8.487463697e-78
0.1224	4.58104857e-78
0.123	2.47898383e-78
0.1236	1.344918191e-78
0.1242	7.315146769e-79
0.1248	3.988842882e-79
0.1254	2.180516172e-79
0.126	1.194956389e-79
0.1266	6.564733556e-80
0.1272	3.615317796e-80
0.1278	1.995870128e-80
0.1284	1.10450243e-80
0.129	6.126915929e-81
0.1296	3.406829024e-81
0.1302	1.89882231e-81
0.1308	1.060806944e-81
0.1314	5.940171268e-82
0.132	3.333993739e-82
0.1326	1.875540643e-82
0.1332	1.057491349e-82
0.1338	5.975973137e-83
0.1344	3.384658182e-83
0.135	1.921269657e-83
0.1356	1.093005111e-83
0.1362	6.231742796e-84
0.1368	3.560766299e-84
0.1374	2.039000227e-84
0.138	1.170103356e-84
0.1386	6.72911084e-85
0.1392	3.878029133e-85
0.1398	2.239638199e-85
0.1404	1.296139141e-85
0.141	7.51667814e-86
0.1416	4.36811961e-86
0.1422	2.543613129e-86
0.1428	1.484189489e-86
0.1434	8.677672413e-87
0.144	5.083779004e-87
0.1446	2.984238655e-87
0.1452	1.75524578e-87
0.1458	1.03441283e-87
0.1464	6.107951338e-88
0.147	3.613575519e-88
0.1476	2.141967332e-88
0.1482	1.272087509e-88
0.1488	7.569094407e-89
0.1494	4.512196957e-89
0.15	2.694907249e-89
0.1506	1.612522387e-89
0.1512	9.666480911e-90
0.1518	5.805322711e-90
0.1524	3.492804833e-90
0.153	2.105265942e-90
0.1536	1.271215152e-90
0.1542	7.689629481e-91
0.1548	4.659731353e-91
0.1554	2.828657448e-91
0.156	1.720120207e-91
0.1566	1.047830885e-91
0.1572	6.393999393e-92
0.1578	3.908391593e-92
0.1584	2.393110574e-92
0.159	1.467782994e-92
0.1596	9.0175913e-93
0.1602	5.549375566e-93
0.1608	3.420722672e-93
0.1614	2.112064329e-93
0.162	1.306192948e-93
0.1626	8.09121753e-94
0.1632	5.02021413e-94
0.1638	3.119808536e-94
0.1644	1.941898525e-94
0.165	1.210636058e-94
0.1656	7.559355924e-95
0.1662	4.727546085e-95
0.1668	2.961162538e-95
0.1674	1.857633218e-95
0.168	1.167144757e-95
0.1686	7.344332567e-96
0.1692	4.628482882e-96
0.1698	2.921323164e-96
0.1704	1.846592591e-96
0.171	1.168985406e-96
0.1716	7.411218337e-97
0.1722	4.70553148e-97
0.1728	2.992005505e-97
0.1734	1.905227452e-97
0.174	1.214949289e-97
0.1746	7.758763695e-98
0.1752	4.961878884e-98
0.1758	3.177717566e-98
0.1764	2.037962573e-98
0.177	1.30883588e-98
0.1776	8.417412205e-99
0.1782	5.4209173e-99
0.1788	3.49594145e-99
0.1794	2.257611095e-99
0.18	1.459903611e-99
0.1806	9.453351285e-100
0.1812	6.129576813e-100
0.1818	3.979741078e-100
0.1824	2.587351022e-100
0.183	1.684335895e-100
0.1836	1.097922049e-100
0.1842	7.166059755e-101
0.1848	4.68330186e-101
0.1854	3.064667785e-101
0.186	2.008033383e-101
0.1866	1.31738132e-101
0.1872	8.653701704e-102
0.1878	5.691660865e-102
0.1884	3.748173074e-102
0.189	2.471386469e-102
0.1896	1.631544801e-102
0.1902	1.078429066e-102
0.1908	7.136994496e-103
0.1914	4.728978243e-103
0.192	3.13721622e-103
0.1926	2.083741293e-103
0.1932	1.385678277e-103
0.1938	9.225658196e-104
0.1944	6.149584222e-104
0.195	4.103975064e-104
0.1956	2.74202485e-104
0.1962	1.834184178e-104
0.1968	1.22833429e-104
0.1974	8.235491069e-105
0.198	5.52788443e-105
0.1986	3.71468676e-105
0.1992	2.499059011e-105
0.1998	1.683135958e-105
0.2004	1.134873833e-105
0.201	7.660533382e-106
0.2016	5.17667435e-106
0.2022	3.502034966e-106
0.2028	2.371730366e-106
0.2034	1.607987919e-106
0.204	1.09136577e-106
0.2046	7.415243589e-107
0.2052	5.043657073e-107
0.2058	3.434220849e-107
0.2064	2.340835841e-107
0.207	1.597244162e-107
0.2076	1.091005244e-107
0.2082	7.459936442e-108
0.2088	5.106152472e-108
0.2094	3.49864931e-108
0.21	2.399676327e-108
0.2106	1.647586399e-108
0.2112	1.132360418e-108
0.2118	7.790400852e-109
0.2124	5.365019206e-109
0.213	3.698425167e-109
0.2136	2.552079579e-109
0.2142	1.762792411e-109
0.2148	1.21880855e-109
0.2154	8.435191898e-110
0.216	5.84355865e-110
0.2166	4.05210453e-110
0.2172	2.812564615e-110
0.2178	1.954073398e-110
0.2184	1.358919112e-110
0.219	9.459291349e-111
0.2196	6.590733719e-111
0.2202	4.596391563e-111
0.2208	3.208531441e-111
0.2214	2.24181391e-111
0.222	1.567814825e-111
0.2226	1.097463041e-111
0.2232	7.689232035e-112
0.2238	5.392274195e-112
0.2244	3.784904562e-112
0.225	2.659070811e-112
0.2256	1.869799036e-112
0.2262	1.315976361e-112
0.2268	9.2701648e-113
0.2274	6.535986224e-113
0.228	4.6122965e-113
0.2286	3.257645693e-113
0.2292	2.302868583e-113
0.2298	1.629338385e-113
0.2304	1.153794366e-113
0.231	8.17746522e-114
0.2316	5.800699315e-114
0.2322	4.118239131e-114
0.2328	2.926244033e-114
0.2334	2.081016494e-114
0.234	1.481169445e-114
0.2346	1.055106891e-114
0.2352	7.522270248e-115
0.2358	5.367356458e-115
0.2364	3.832915704e-115
0.237	2.739389083e-115
0.2376	1.959440629e-115
0.2382	1.40269341e-115
0.2388	1.004948948e-115
0.2394	7.205666954e-116
0.24	5.170727743e-116
0.2406	3.713426463e-116
0.2412	2.668959823e-116
0.2418	1.919780994e-116
0.2424	1.381981362e-116
0.243	9.956161776e-117
0.2436	7.17826337e-117
0.2442	5.179441746e-117
0.2448	3.740081652e-117
0.2454	2.702789589e-117
0.246	1.954676452e-117
0.2466	1.414710223e-117
0.2472	1.024680703e-117
0.2478	7.427395925e-118
0.2484	5.387782467e-118
0.249	3.911177337e-118
0.2496	2.841367889e-118
0.2502	2.065705809e-118
0.2508	1.502896465e-118
0.2514	1.094227944e-118
0.252	7.972660153e-119
0.2526	5.813182946e-119
0.2532	4.24168685e-119
0.2538	3.097245868e-119
0.2544	2.263204682e-119
0.255	1.654937769e-119
0.2556	1.211010218e-119
0.2562	8.867901989e-120
0.2568	6.498296715e-120
0.2574	4.765214069e-120
0.258	3.49677892e-120
0.2586	2.567766234e-120
0.2592	1.886874497e-120
0.2598	1.387488689e-120
0.2604	1.020971188e-120
0.261	7.517852811e-121
0.2616	5.53948202e-121
0.2622	4.084493586e-121
0.2628	3.013697982e-121
0.2634	2.225114772e-121
0.264	1.643974316e-121
0.2646	1.215419808e-121
0.2652	8.99176648e-122
0.2658	6.656561083e-122
0.2664	4.931054343e-122
0.267	3.65521899e-122
0.2676	2.711249889e-122
0.2682	2.012366238e-122
0.2688	1.494598802e-122
0.2694	1.110762425e-122
0.27	8.260293736e-123
0.2706	6.146761871e-123
0.2712	4.576913506e-123
0.2718	3.410148418e-123
0.2724	2.542418049e-123
0.273	1.896673627e-123
0.2736	1.415823348e-123
0.2742	1.057536156e-123
0.2748	7.904054835e-124
0.2754	5.911151802e-124
0.276	4.423444851e-124
0.2766	3.312183234e-124
0.2772	2.481602552e-124
0.2778	1.860429186e-124
0.2784	1.395584128e-124
0.279	1.047513869e-124
0.2796	7.867257297e-125
0.2802	5.912153118e-125
0.2808	4.445551869e-125
0.2814	3.344739721e-125
0.282	2.517993274e-125
0.2826	1.896711846e-125
0.2832	1.429557628e-125
0.2838	1.078088643e-125
0.2844	8.135022291e-126
0.285	6.142051895e-126
0.2856	4.639996629e-126
0.2862	3.507278843e-126
0.2868	2.652591515e-126
0.2874	2.007321407e-126
0.288	1.519878708e-126
0.2886	1.151450947e-126
0.2892	8.728215764e-127
0.2898	6.619848655e-127
0.2904	5.023567478e-127
0.291	3.814319395e-127
0.2916	2.897754292e-127
0.2922	2.202646481e-127
0.2928	1.675196828e-127
0.2934	1.274746273e-127
0.294	9.705492926e-128
0.2946	7.393438384e-128
0.2952	5.635201038e-128
0.2958	4.297397766e-128
0.2964	3.278943767e-128
0.297	2.503189663e-128
0.2976	1.911982974e-128
0.2982	1.461180501e-128
0.2988	1.117255272e-128
0.2994	8.547296545e-129
0.3	6.542324314e-129
0.3006	5.010273483e-129
0.3012	3.83898128e-129
0.3018	2.943031385e-129
0.3024	2.257341533e-129
0.303	1.732296701e-129
0.3036	1.330053359e-129
0.3042	1.02173151e-129
0.3048	7.8528013e-130
0.3054	6.0385365e-130
0.306	4.645764804e-130
0.3066	3.576023433e-130
0.3072	2.753976851e-130
0.3078	2.121955115e-130
0.3084	1.635788944e-130
0.309	1.261632028e-130
0.3096	9.735352992e-131
0.3102	7.515942758e-131
0.3108	5.805333784e-131
0.3114	4.486235923e-131
0.312	3.468545696e-131
0.3126	2.683010368e-131
0.3132	2.076376594e-131
0.3138	1.607673935e-131
0.3144	1.245366335e-131
0.315	9.651677788e-132
0.3156	7.483664202e-132
0.3162	5.805381953e-132
0.3168	4.505589113e-132
0.3174	3.498451854e-132
0.318	2.717709355e-132
0.3186	2.112186045e-132
0.3192	1.642338396e-132
0.3198	1.277596492e-132
0.3204	9.943164753e-133
0.321	7.742027301e-133
0.3216	6.030914627e-133
0.3222	4.700124558e-133
0.3228	3.664650376e-133
0.3234	2.858590943e-133
0.324	2.230833008e-133
0.3246	1.741714603e-133
0.3252	1.360445382e-133
0.3258	1.063111271e-133
0.3264	8.31130347e-134
0.327	6.500573566e-134
0.3276	5.086577357e-134
0.3282	3.981900379e-134
0.3288	3.11849616e-134
0.3294	2.443371209e-134
0.33	1.915236628e-134
0.3306	1.501908619e-134
0.3312	1.17828949e-134
0.3318	9.247988157e-135
0.3324	7.261538412e-135
0.333	5.70420961e-135
0.3336	4.482776937e-135
0.3342	3.524381836e-135
0.3348	2.772057994e-135
0.3354	2.181245584e-135
0.336	1.717074267e-135
0.3366	1.352244507e-135
0.3372	1.065374693e-135
0.3378	8.397111246e-136
0.3384	6.621207479e-136
0.339	5.223043332e-136
0.3396	4.121815883e-136
0.3402	3.254104264e-136
0.3408	2.570109622e-136
0.3414	2.030712928e-136
0.342	1.605171797e-136
0.3426	1.269316744e-136
0.3432	1.004138001e-136
0.3438	7.946778527e-137
0.3444	6.291620787e-137
0.345	4.983186061e-137
0.3456	3.948427961e-137
0.3462	3.129776349e-137
0.3468	2.48184001e-137
0.3474	1.968815751e-137
0.348	1.562451741e-137
0.3486	1.240445886e-137
0.3492	9.851857944e-138
0.3498	7.827570751e-138
0.3504	6.221625186e-138
0.351	4.947070612e-138
0.3516	3.935131427e-138
0.3522	3.131386595e-138
0.3528	2.492756735e-138
0.3534	1.98512713e-138
0.354	1.581471691e-138
0.3546	1.260371716e-138
0.3552	1.004845899e-138
0.3558	8.014258232e-139
0.3564	6.394251551e-139
0.357	5.10361716e-139
0.3576	4.075002854e-139
0.3582	3.254907684e-139
0.3588	2.600817268e-139
0.3594	2.078934893e-139
0.36	1.662383817e-139
0.3606	1.329782353e-139
0.3612	1.064114014e-139
0.3618	8.518312788e-140
0.3624	6.821443988e-140
0.363	5.464568305e-140
0.3636	4.379168974e-140
0.3642	3.510616166e-140
0.3648	2.815336397e-140
0.3654	2.258562151e-140
0.366	1.812542115e-140
0.3666	1.455117233e-140
0.3672	1.168587371e-140
0.3678	9.388089739e-141
0.3684	7.544763482e-141
0.369	6.065490095e-141
0.3696	4.877952371e-141
0.3702	3.92428124e-141
0.3708	3.15815272e-141
0.3714	2.542471487e-141
0.372	2.047521842e-141
0.3726	1.649491242e-141
0.3732	1.329290913e-141
0.3738	1.07161342e-141
0.3744	8.641793292e-142
0.375	6.971348049e-142
0.3756	5.625697292e-142
0.3762	4.54132099e-142
0.3768	3.667193539e-142
0.3774	2.962312016e-142
0.378	2.393716192e-142
0.3786	1.934901915e-142
0.3792	1.56454927e-142
0.3798	1.26550272e-142
0.3804	1.023953013e-142
0.381	8.287807205e-143
0.3816	6.710292929e-143
0.3822	5.434819316e-143
0.3828	4.4032171e-143
0.3834	3.568584728e-143
0.384	2.893093177e-143
0.3846	2.346220883e-143
0.3852	1.903334023e-143
0.3858	1.544544201e-143
0.3864	1.253789027e-143
0.387	1.018091848e-143
0.3876	8.269655332e-144
0.3882	6.719321085e-144
0.3888	5.46135618e-144
0.3894	4.440300032e-144
0.39	3.611273895e-144
0.3906	2.937950187e-144
0.3912	2.390913737e-144
0.3918	1.946338891e-144
0.3924	1.584921233e-144
0.393	1.291014662e-144
0.3936	1.051934097e-144
0.3942	8.573918655e-145
0.3948	6.99041979e-145
0.3954	5.701115392e-145
0.396	4.651025159e-145
0.3966	3.79550386e-145
0.3972	3.098287305e-145
0.3978	2.529909878e-145
0.3984	2.066422588e-145
0.399	1.688354236e-145
0.3996	1.37986933e-145
0.4002	1.12808527e-145
0.4008	9.225185179e-146
0.4014	7.546352289e-146
0.402	6.174865484e-146
0.4026	5.05412518e-146
0.4032	4.138016154e-146
0.4038	3.388954139e-146
0.4044	2.776298474e-146
0.405	2.275061815e-146
0.4056	1.864860995e-146
0.4062	1.529063711e-146
0.4068	1.254094277e-146
0.4074	1.028868608e-146
0.408	8.443342623e-147
0.4086	6.930958775e-147
0.4092	5.691100665e-147
0.4098	4.674368132e-147
0.4104	3.840368475e-147
0.411	3.156064463e-147
0.4116	2.594427079e-147
0.4122	2.133336462e-147
0.4128	1.754685065e-147
0.4134	1.443645601e-147
0.414	1.188073332e-147
0.4146	9.780178972e-148
0.4152	8.053245036e-148
0.4158	6.633080077e-148
0.4164	5.464865061e-148
0.417	4.50363497e-148
0.4176	3.7124971e-148
0.4182	3.061173383e-148
0.4188	2.524807461e-148
0.4194	2.082988151e-148
0.42	1.71894983e-148
0.4206	1.418917484e-148
0.4212	1.171570122e-148
0.4218	9.676010179e-149
0.4224	7.993572184e-149
0.423	6.605439464e-149
0.4236	5.459821452e-149
0.4242	4.514095583e-149
0.4248	3.73317481e-149
0.4254	3.088167509e-149
0.426	2.555277089e-149
0.4266	2.114898188e-149
0.4272	1.750874132e-149
0.4278	1.449886717e-149
0.4284	1.20095459e-149
0.429	9.950208043e-150
0.4296	8.246135851e-150
0.4302	6.83567254e-150
0.4308	5.667925685e-150
0.4314	4.700876824e-150
0.432	3.899824986e-150
0.4326	3.236104825e-150
0.4332	2.686030624e-150
0.4338	2.230026134e-150
0.4344	1.851907366e-150
0.435	1.538291288e-150
0.4356	1.278108194e-150
0.4362	1.062199464e-150
0.4368	8.829856841e-151
0.4374	7.341927268e-151
0.438	6.106256334e-151
0.4386	5.079818924e-151
0.4392	4.22697216e-151
0.4398	3.518181249e-151
0.4404	2.928966536e-151
0.441	2.439033138e-151
0.4416	2.031551316e-151
0.4422	1.692561324e-151
0.4428	1.41048108e-151
0.4434	1.175698789e-151
0.444	9.802357756e-152
0.4446	8.174673555e-152
0.4452	6.818916949e-152
0.4458	5.689383614e-152
0.4464	4.748097096e-152
0.447	3.963494379e-152
0.4476	3.309336339e-152
0.4482	2.763804389e-152
0.4488	2.308751317e-152
0.4494	1.929079821e-152
0.45	1.61222688e-152
0.4506	1.347735801e-152
0.4512	1.126900968e-152
0.4518	9.424728553e-153
0.4524	7.884130334e-153
0.453	6.596906362e-153
0.4536	5.521132375e-153
0.4542	4.621862837e-153
0.4548	3.869962313e-153
0.4554	3.241133707e-153
0.456	2.715109991e-153
0.4566	2.274981752e-153
0.4572	1.906637621e-153
0.4578	1.598298502e-153
0.4584	1.340129798e-153
0.459	1.123918494e-153
0.4596	9.428041797e-154
0.4602	7.910549545e-154
0.4608	6.638806838e-154
0.4614	5.572773358e-154
0.462	4.67897203e-154
0.4626	3.929406759e-154
0.4632	3.300659683e-154
0.4638	2.773138009e-154
0.4644	2.330445472e-154
0.465	1.958857709e-154
0.4656	1.646884232e-154
0.4662	1.384902648e-154
0.4668	1.164853128e-154
0.4674	9.799831375e-155
0.468	8.246341241e-155
0.4686	6.940632163e-155
0.4692	5.842941549e-155
0.4698	4.919926378e-155
0.4704	4.143620544e-155
0.471	3.490562557e-155
0.4716	2.941065609e-155
0.4722	2.478606612e-155
0.4728	2.089314723e-155
0.4734	1.761543055e-155
0.474	1.485509949e-155
0.4746	1.252998468e-155
0.4752	1.057104588e-155
0.4758	8.920261553e-156
0.4764	7.528859685e-156
0.477	6.35583441e-156
0.4776	5.366701909e-156
0.4782	4.532456818e-156
0.4788	3.828696612e-156
0.4794	3.23488678e-156
0.48	2.733744012e-156
0.4806	2.310718332e-156
0.4812	1.953558218e-156
0.4818	1.651945321e-156
0.4824	1.397187591e-156
0.483	1.181961397e-156
0.4836	1.000094798e-156
0.4842	8.463853318e-157
0.4848	7.164468132e-157
0.4854	6.065804831e-157
0.486	5.136666201e-157
0.4866	4.350733445e-157
0.4872	3.685798707e-157
0.4878	3.123119071e-157
0.4884	2.646872675e-157
0.489	2.243700714e-157
0.4896	1.902321682e-157
0.4902	1.613206396e-157
0.4908	1.368304165e-157
0.4914	1.160812002e-157
0.492	9.84980085e-158
0.4926	8.359477274e-158
0.4932	7.096050512e-158
0.4938	6.024763094e-158
0.4944	5.116214501e-158
0.495	4.345530514e-158
0.4956	3.691662154e-158
0.4962	3.136793849e-158
0.4968	2.665843723e-158
0.4974	2.266041581e-158
0.498	1.92657243e-158
0.4986	1.638275307e-158
0.4992	1.393388778e-158
0.4998	1.185335829e-158
0.5004	1.008542019e-158
0.501	8.582817284e-159
0.5016	7.305481162e-159
0.5022	6.219431308e-159
0.5028	5.295844479e-159
0.5034	4.510267213e-159
0.504	3.841949313e-159
0.5046	3.273279606e-159
0.5052	2.789308186e-159
0.5058	2.377341814e-159
0.5064	2.026601206e-159
0.507	1.727930673e-159
0.5076	1.473552083e-159
0.5082	1.256856333e-159
0.5088	1.072226574e-159
0.5094	9.14888334e-160
0.51	7.807824084e-160
0.5106	6.664570556e-160
0.5112	5.689765332e-160
0.5118	4.858434908e-160
0.5124	4.149331058e-160
0.513	3.544371744e-160
0.5136	3.028166437e-160
0.5142	2.587613045e-160
0.5148	2.211555561e-160
0.5154	1.890493237e-160
0.516	1.616333491e-160
0.5166	1.382181911e-160
0.5172	1.182163778e-160
0.5178	1.011272326e-160
0.5184	8.652397243e-161
0.519	7.404273502e-161
0.5196	6.337324603e-161
0.5202	5.425087834e-161
0.5208	4.644989542e-161
0.5214	3.977770082e-161
0.522	3.406994312e-161
0.5226	2.91863483e-161
0.5232	2.500717082e-161
0.5238	2.143017091e-161
0.5244	1.836803975e-161
0.525	1.574620555e-161
0.5256	1.350096406e-161
0.5262	1.157788506e-161
0.5268	9.930454006e-162
0.5274	8.518913789e-162
0.528	7.309277016e-162
0.5286	6.272483549e-162
0.5292	5.383681803e-162
0.5298	4.621615508e-162
0.5304	3.968100375e-162
0.531	3.407577404e-162
0.5316	2.926731538e-162
0.5322	2.514166049e-162
0.5328	2.160124463e-162
0.5334	1.856253035e-162
0.534	1.595397836e-162
0.5346	1.371431366e-162
0.5352	1.179104379e-162
0.5358	1.01391923e-162
0.5364	8.720215943e-163
0.537	7.501078849e-163
0.5376	6.453460745e-163
0.5382	5.553079692e-163
0.5388	4.779112695e-163
0.5394	4.113699944e-163
0.54	3.541520543e-163
0.5406	3.049429362e-163
0.5412	2.626146145e-163
0.5418	2.26198931e-163
0.5424	1.948647989e-163
0.543	1.678986761e-163
0.5436	1.44687838e-163
0.5442	1.24706045e-163
0.5448	1.075012597e-163
0.5454	9.268511996e-164
0.546	7.992391361e-164
0.5466	6.893084095e-164
0.5472	5.945937911e-164
0.5478	5.129759083e-164
0.5484	4.426324236e-164
0.549	3.819961472e-164
0.5496	3.297190927e-164
0.5502	2.84641628e-164
0.5508	2.457659931e-164
0.5514	2.122335656e-164
0.552	1.833053374e-164
0.5526	1.583451488e-164
0.5532	1.36805286e-164
0.5538	1.182141085e-164
0.5544	1.021654178e-164
0.555	8.830932087e-165
0.5556	7.634437678e-165
0.5562	6.601084596e-165
0.5568	5.708488538e-165
0.5574	4.937355687e-165
0.558	4.271053383e-165
0.5586	3.6952408e-165
0.5592	3.197551195e-165
0.5598	2.767318486e-165
0.5604	2.395341923e-165
0.561	2.073683534e-165
0.5616	1.795493737e-165
0.5622	1.554861182e-165
0.5628	1.346683438e-165
0.5634	1.166555617e-165
0.564	1.010674415e-165
0.5646	8.757554503e-166
0.5652	7.589620175e-166
0.5658	6.578436904e-166
0.5664	5.702833948e-166
0.567	4.944517783e-166
0.5676	4.287678642e-166
0.5682	3.718651198e-166
0.5688	3.225621886e-166
0.5694	2.798376409e-166
0.57	2.428081897e-166
0.5706	2.107098913e-166
0.5712	1.828819203e-166
0.5718	1.587525639e-166
0.5724	1.378271305e-166
0.573	1.196775086e-166
0.5736	1.039331503e-166
0.5742	9.027328319e-167
0.5748	7.842018232e-167
0.5754	6.813335735e-167
0.576	5.920452944e-167
0.5766	5.145328995e-167
0.5772	4.472334784e-167
0.5778	3.88792855e-167
0.5784	3.38037536e-167
0.579	2.939504534e-167
0.5796	2.556499826e-167
0.5802	2.223717937e-167
0.5808	1.934531483e-167
0.5814	1.683193125e-167
0.582	1.464717979e-167
0.5826	1.274781838e-167
0.5832	1.10963306e-167
0.5838	9.660162835e-168
0.5844	8.411063681e-168
0.585	7.324511829e-168
0.5856	6.379220496e-168
0.5862	5.556708106e-168
0.5868	4.84092631e-168
0.5874	4.217937634e-168
0.588	3.675636095e-168
0.5886	3.203505032e-168
0.5892	2.792407142e-168
0.5898	2.434402441e-168
0.5904	2.122590387e-168
0.591	1.850972958e-168
0.5916	1.614335871e-168
0.5922	1.408145532e-168
0.5928	1.228459626e-168
0.5934	1.071849515e-168
0.594	9.353328919e-169
0.5946	8.163153105e-169
0.5952	7.125394308e-169
0.5958	6.220409417e-169
0.5964	5.431102851e-169
0.597	4.742594097e-169
0.5976	4.141928907e-169
0.5982	3.617828388e-169
0.5988	3.160470972e-169
0.5994	2.761302937e-169
