-0.6	1.09855722e-09
-0.5994	1.10296231e-09
-0.5988	1.107389502e-09
-0.5982	1.111838929e-09
-0.5976	1.116310726e-09
-0.597	1.120805026e-09
-0.5964	1.125321967e-09
-0.5958	1.129861685e-09
-0.5952	1.134424319e-09
-0.5946	1.139010007e-09
-0.594	1.143618889e-09
-0.5934	1.148251106e-09
-0.5928	1.152906801e-09
-0.5922	1.157586115e-09
-0.5916	1.162289193e-09
-0.591	1.16701618e-09
-0.5904	1.171767222e-09
-0.5898	1.176542466e-09
-0.5892	1.18134206e-09
-0.5886	1.186166153e-09
-0.588	1.191014896e-09
-0.5874	1.195888439e-09
-0.5868	1.200786935e-09
-0.5862	1.205710538e-09
-0.5856	1.210659402e-09
-0.585	1.215633682e-09
-0.5844	1.220633537e-09
-0.5838	1.225659122e-09
-0.5832	1.230710599e-09
-0.5826	1.235788126e-09
-0.582	1.240891865e-09
-0.5814	1.246021979e-09
-0.5808	1.251178632e-09
-0.5802	1.256361988e-09
-0.5796	1.261572214e-09
-0.579	1.266809476e-09
-0.5784	1.272073944e-09
-0.5778	1.277365787e-09
-0.5772	1.282685175e-09
-0.5766	1.288032283e-09
-0.576	1.293407282e-09
-0.5754	1.298810348e-09
-0.5748	1.304241656e-09
-0.5742	1.309701384e-09
-0.5736	1.315189711e-09
-0.573	1.320706817e-09
-0.5724	1.326252883e-09
-0.5718	1.331828091e-09
-0.5712	1.337432625e-09
-0.5706	1.343066671e-09
-0.57	1.348730416e-09
-0.5694	1.354424047e-09
-0.5688	1.360147754e-09
-0.5682	1.365901728e-09
-0.5676	1.37168616e-09
-0.567	1.377501246e-09
-0.5664	1.383347179e-09
-0.5658	1.389224157e-09
-0.5652	1.395132377e-09
-0.5646	1.401072039e-09
-0.564	1.407043344e-09
-0.5634	1.413046494e-09
-0.5628	1.419081694e-09
-0.5622	1.425149149e-09
-0.5616	1.431249066e-09
-0.561	1.437381654e-09
-0.5604	1.443547123e-09
-0.5598	1.449745685e-09
-0.5592	1.455977552e-09
-0.5586	1.462242941e-09
-0.558	1.468542068e-09
-0.5574	1.47487515e-09
-0.5568	1.481242408e-09
-0.5562	1.487644064e-09
-0.5556	1.49408034e-09
-0.555	1.500551462e-09
-0.5544	1.507057655e-09
-0.5538	1.51359915e-09
-0.5532	1.520176175e-09
-0.5526	1.526788962e-09
-0.552	1.533437745e-09
-0.5514	1.54012276e-09
-0.5508	1.546844243e-09
-0.5502	1.553602434e-09
-0.5496	1.560397573e-09
-0.549	1.567229903e-09
-0.5484	1.574099669e-09
-0.5478	1.581007116e-09
-0.5472	1.587952494e-09
-0.5466	1.594936053e-09
-0.546	1.601958044e-09
-0.5454	1.609018722e-09
-0.5448	1.616118342e-09
-0.5442	1.623257164e-09
-0.5436	1.630435446e-09
-0.543	1.637653451e-09
-0.5424	1.644911443e-09
-0.5418	1.652209688e-09
-0.5412	1.659548455e-09
-0.5406	1.666928012e-09
-0.54	1.674348634e-09
-0.5394	1.681810594e-09
-0.5388	1.689314169e-09
-0.5382	1.696859638e-09
-0.5376	1.704447282e-09
-0.537	1.712077384e-09
-0.5364	1.71975023e-09
-0.5358	1.727466106e-09
-0.5352	1.735225304e-09
-0.5346	1.743028114e-09
-0.534	1.750874833e-09
-0.5334	1.758765756e-09
-0.5328	1.766701183e-09
-0.5322	1.774681415e-09
-0.5316	1.782706756e-09
-0.531	1.790777513e-09
-0.5304	1.798893994e-09
-0.5298	1.80705651e-09
-0.5292	1.815265375e-09
-0.5286	1.823520906e-09
-0.528	1.831823421e-09
-0.5274	1.840173241e-09
-0.5268	1.84857069e-09
-0.5262	1.857016095e-09
-0.5256	1.865509784e-09
-0.525	1.874052089e-09
-0.5244	1.882643345e-09
-0.5238	1.891283888e-09
-0.5232	1.899974058e-09
-0.5226	1.908714197e-09
-0.522	1.917504651e-09
-0.5214	1.926345768e-09
-0.5208	1.935237898e-09
-0.5202	1.944181396e-09
-0.5196	1.953176617e-09
-0.519	1.962223921e-09
-0.5184	1.97132367e-09
-0.5178	1.980476229e-09
-0.5172	1.989681968e-09
-0.5166	1.998941256e-09
-0.516	2.008254468e-09
-0.5154	2.017621982e-09
-0.5148	2.027044177e-09
-0.5142	2.036521438e-09
-0.5136	2.046054151e-09
-0.513	2.055642705e-09
-0.5124	2.065287494e-09
-0.5118	2.074988914e-09
-0.5112	2.084747364e-09
-0.5106	2.094563248e-09
-0.51	2.10443697e-09
-0.5094	2.114368942e-09
-0.5088	2.124359575e-09
-0.5082	2.134409285e-09
-0.5076	2.144518494e-09
-0.507	2.154687622e-09
-0.5064	2.164917099e-09
-0.5058	2.175207353e-09
-0.5052	2.185558818e-09
-0.5046	2.195971933e-09
-0.504	2.206447138e-09
-0.5034	2.216984877e-09
-0.5028	2.2275856e-09
-0.5022	2.238249758e-09
-0.5016	2.248977809e-09
-0.501	2.259770211e-09
-0.5004	2.270627428e-09
-0.4998	2.281549928e-09
-0.4992	2.292538183e-09
-0.4986	2.303592668e-09
-0.498	2.314713863e-09
-0.4974	2.325902252e-09
-0.4968	2.337158322e-09
-0.4962	2.348482565e-09
-0.4956	2.359875477e-09
-0.495	2.371337558e-09
-0.4944	2.382869314e-09
-0.4938	2.394471253e-09
-0.4932	2.406143888e-09
-0.4926	2.417887736e-09
-0.492	2.429703321e-09
-0.4914	2.441591167e-09
-0.4908	2.453551806e-09
-0.4902	2.465585774e-09
-0.4896	2.477693611e-09
-0.489	2.489875861e-09
-0.4884	2.502133075e-09
-0.4878	2.514465805e-09
-0.4872	2.526874612e-09
-0.4866	2.539360059e-09
-0.486	2.551922715e-09
-0.4854	2.564563153e-09
-0.4848	2.577281952e-09
-0.4842	2.590079696e-09
-0.4836	2.602956973e-09
-0.483	2.615914378e-09
-0.4824	2.628952509e-09
-0.4818	2.64207197e-09
-0.4812	2.655273372e-09
-0.4806	2.668557329e-09
-0.48	2.681924461e-09
-0.4794	2.695375394e-09
-0.4788	2.708910759e-09
-0.4782	2.722531194e-09
-0.4776	2.736237339e-09
-0.477	2.750029845e-09
-0.4764	2.763909363e-09
-0.4758	2.777876555e-09
-0.4752	2.791932085e-09
-0.4746	2.806076624e-09
-0.474	2.82031085e-09
-0.4734	2.834635446e-09
-0.4728	2.849051101e-09
-0.4722	2.863558511e-09
-0.4716	2.878158378e-09
-0.471	2.89285141e-09
-0.4704	2.90763832e-09
-0.4698	2.92251983e-09
-0.4692	2.937496666e-09
-0.4686	2.952569563e-09
-0.468	2.967739261e-09
-0.4674	2.983006507e-09
-0.4668	2.998372054e-09
-0.4662	3.013836662e-09
-0.4656	3.0294011e-09
-0.465	3.045066142e-09
-0.4644	3.060832568e-09
-0.4638	3.076701168e-09
-0.4632	3.092672736e-09
-0.4626	3.108748077e-09
-0.462	3.124927999e-09
-0.4614	3.14121332e-09
-0.4608	3.157604865e-09
-0.4602	3.174103468e-09
-0.4596	3.190709967e-09
-0.459	3.207425211e-09
-0.4584	3.224250055e-09
-0.4578	3.241185364e-09
-0.4572	3.258232007e-09
-0.4566	3.275390866e-09
-0.456	3.292662827e-09
-0.4554	3.310048786e-09
-0.4548	3.327549647e-09
-0.4542	3.345166323e-09
-0.4536	3.362899734e-09
-0.453	3.380750811e-09
-0.4524	3.398720491e-09
-0.4518	3.416809721e-09
-0.4512	3.435019456e-09
-0.4506	3.453350662e-09
-0.45	3.471804312e-09
-0.4494	3.490381389e-09
-0.4488	3.509082884e-09
-0.4482	3.527909799e-09
-0.4476	3.546863145e-09
-0.447	3.565943941e-09
-0.4464	3.585153218e-09
-0.4458	3.604492016e-09
-0.4452	3.623961383e-09
-0.4446	3.643562378e-09
-0.444	3.663296072e-09
-0.4434	3.683163544e-09
-0.4428	3.703165882e-09
-0.4422	3.723304189e-09
-0.4416	3.743579573e-09
-0.441	3.763993157e-09
-0.4404	3.784546072e-09
-0.4398	3.805239461e-09
-0.4392	3.826074477e-09
-0.4386	3.847052286e-09
-0.438	3.868174063e-09
-0.4374	3.889440996e-09
-0.4368	3.910854283e-09
-0.4362	3.932415134e-09
-0.4356	3.954124772e-09
-0.435	3.97598443e-09
-0.4344	3.997995355e-09
-0.4338	4.020158803e-09
-0.4332	4.042476045e-09
-0.4326	4.064948363e-09
-0.432	4.087577052e-09
-0.4314	4.11036342e-09
-0.4308	4.133308786e-09
-0.4302	4.156414485e-09
-0.4296	4.179681862e-09
-0.429	4.203112277e-09
-0.4284	4.226707103e-09
-0.4278	4.250467726e-09
-0.4272	4.274395545e-09
-0.4266	4.298491975e-09
-0.426	4.322758444e-09
-0.4254	4.347196394e-09
-0.4248	4.371807279e-09
-0.4242	4.396592572e-09
-0.4236	4.421553758e-09
-0.423	4.446692335e-09
-0.4224	4.47200982e-09
-0.4218	4.497507743e-09
-0.4212	4.523187648e-09
-0.4206	4.549051097e-09
-0.42	4.575099666e-09
-0.4194	4.601334947e-09
-0.4188	4.627758549e-09
-0.4182	4.654372096e-09
-0.4176	4.681177228e-09
-0.417	4.708175604e-09
-0.4164	4.735368898e-09
-0.4158	4.7627588e-09
-0.4152	4.790347018e-09
-0.4146	4.818135279e-09
-0.414	4.846125325e-09
-0.4134	4.874318918e-09
-0.4128	4.902717835e-09
-0.4122	4.931323875e-09
-0.4116	4.960138852e-09
-0.411	4.989164601e-09
-0.4104	5.018402973e-09
-0.4098	5.047855841e-09
-0.4092	5.077525096e-09
-0.4086	5.107412649e-09
-0.408	5.137520429e-09
-0.4074	5.167850387e-09
-0.4068	5.198404493e-09
-0.4062	5.229184738e-09
-0.4056	5.260193133e-09
-0.405	5.29143171e-09
-0.4044	5.322902523e-09
-0.4038	5.354607648e-09
-0.4032	5.386549179e-09
-0.4026	5.418729237e-09
-0.402	5.45114996e-09
-0.4014	5.483813513e-09
-0.4008	5.516722082e-09
-0.4002	5.549877874e-09
-0.3996	5.583283123e-09
-0.399	5.616940083e-09
-0.3984	5.650851034e-09
-0.3978	5.685018279e-09
-0.3972	5.719444147e-09
-0.3966	5.75413099e-09
-0.396	5.789081186e-09
-0.3954	5.824297138e-09
-0.3948	5.859781273e-09
-0.3942	5.895536048e-09
-0.3936	5.931563942e-09
-0.393	5.967867463e-09
-0.3924	6.004449144e-09
-0.3918	6.041311549e-09
-0.3912	6.078457264e-09
-0.3906	6.115888909e-09
-0.39	6.153609126e-09
-0.3894	6.191620591e-09
-0.3888	6.229926006e-09
-0.3882	6.268528103e-09
-0.3876	6.307429643e-09
-0.387	6.346633419e-09
-0.3864	6.386142252e-09
-0.3858	6.425958995e-09
-0.3852	6.466086533e-09
-0.3846	6.50652778e-09
-0.384	6.547285685e-09
-0.3834	6.588363228e-09
-0.3828	6.62976342e-09
-0.3822	6.671489309e-09
-0.3816	6.713543974e-09
-0.381	6.755930528e-09
-0.3804	6.798652119e-09
-0.3798	6.841711929e-09
-0.3792	6.885113178e-09
-0.3786	6.92885912e-09
-0.378	6.972953043e-09
-0.3774	7.017398276e-09
-0.3768	7.062198183e-09
-0.3762	7.107356164e-09
-0.3756	7.152875661e-09
-0.375	7.198760151e-09
-0.3744	7.245013152e-09
-0.3738	7.291638221e-09
-0.3732	7.338638956e-09
-0.3726	7.386018994e-09
-0.372	7.433782015e-09
-0.3714	7.481931739e-09
-0.3708	7.53047193e-09
-0.3702	7.579406393e-09
-0.3696	7.628738978e-09
-0.369	7.678473577e-09
-0.3684	7.728614128e-09
-0.3678	7.779164615e-09
-0.3672	7.830129064e-09
-0.3666	7.881511552e-09
-0.366	7.933316199e-09
-0.3654	7.985547174e-09
-0.3648	8.038208694e-09
-0.3642	8.091305025e-09
-0.3636	8.144840482e-09
-0.363	8.198819431e-09
-0.3624	8.253246288e-09
-0.3618	8.308125518e-09
-0.3612	8.363461643e-09
-0.3606	8.419259235e-09
-0.36	8.475522918e-09
-0.3594	8.532257372e-09
-0.3588	8.589467333e-09
-0.3582	8.647157591e-09
-0.3576	8.705332991e-09
-0.357	8.76399844e-09
-0.3564	8.823158897e-09
-0.3558	8.882819384e-09
-0.3552	8.942984981e-09
-0.3546	9.003660827e-09
-0.354	9.064852126e-09
-0.3534	9.126564139e-09
-0.3528	9.188802193e-09
-0.3522	9.251571679e-09
-0.3516	9.314878051e-09
-0.351	9.378726828e-09
-0.3504	9.443123596e-09
-0.3498	9.50807401e-09
-0.3492	9.573583791e-09
-0.3486	9.63965873e-09
-0.348	9.706304687e-09
-0.3474	9.773527594e-09
-0.3468	9.841333455e-09
-0.3462	9.909728347e-09
-0.3456	9.97871842e-09
-0.345	1.00483099e-08
-0.3444	1.011850909e-08
-0.3438	1.018932237e-08
-0.3432	1.02607562e-08
-0.3426	1.033281711e-08
-0.342	1.040551172e-08
-0.3414	1.047884673e-08
-0.3408	1.055282892e-08
-0.3402	1.062746515e-08
-0.3396	1.070276239e-08
-0.339	1.077872766e-08
-0.3384	1.085536809e-08
-0.3378	1.093269089e-08
-0.3372	1.101070336e-08
-0.3366	1.108941291e-08
-0.336	1.116882702e-08
-0.3354	1.124895326e-08
-0.3348	1.132979933e-08
-0.3342	1.141137298e-08
-0.3336	1.14936821e-08
-0.333	1.157673464e-08
-0.3324	1.16605387e-08
-0.3318	1.174510243e-08
-0.3312	1.183043413e-08
-0.3306	1.191654217e-08
-0.33	1.200343504e-08
-0.3294	1.209112134e-08
-0.3288	1.217960979e-08
-0.3282	1.22689092e-08
-0.3276	1.235902851e-08
-0.327	1.244997677e-08
-0.3264	1.254176315e-08
-0.3258	1.263439692e-08
-0.3252	1.272788751e-08
-0.3246	1.282224442e-08
-0.324	1.291747732e-08
-0.3234	1.301359599e-08
-0.3228	1.311061032e-08
-0.3222	1.320853034e-08
-0.3216	1.330736624e-08
-0.321	1.340712829e-08
-0.3204	1.350782695e-08
-0.3198	1.360947277e-08
-0.3192	1.371207647e-08
-0.3186	1.381564891e-08
-0.318	1.392020107e-08
-0.3174	1.40257441e-08
-0.3168	1.413228929e-08
-0.3162	1.423984807e-08
-0.3156	1.434843206e-08
-0.315	1.445805298e-08
-0.3144	1.456872275e-08
-0.3138	1.468045343e-08
-0.3132	1.479325725e-08
-0.3126	1.49071466e-08
-0.312	1.502213404e-08
-0.3114	1.51382323e-08
-0.3108	1.525545428e-08
-0.3102	1.537381306e-08
-0.3096	1.549332189e-08
-0.309	1.561399421e-08
-0.3084	1.573584364e-08
-0.3078	1.585888397e-08
-0.3072	1.598312922e-08
-0.3066	1.610859356e-08
-0.306	1.623529137e-08
-0.3054	1.636323724e-08
-0.3048	1.649244594e-08
-0.3042	1.662293247e-08
-0.3036	1.675471202e-08
-0.303	1.688779999e-08
-0.3024	1.7022212e-08
-0.3018	1.715796389e-08
-0.3012	1.729507173e-08
-0.3006	1.743355178e-08
-0.3	1.757342058e-08
-0.2994	1.771469486e-08
-0.2988	1.785739161e-08
-0.2982	1.800152804e-08
-0.2976	1.814712162e-08
-0.297	1.829419006e-08
-0.2964	1.844275134e-08
-0.2958	1.859282366e-08
-0.2952	1.874442551e-08
-0.2946	1.889757563e-08
-0.294	1.905229303e-08
-0.2934	1.920859701e-08
-0.2928	1.936650712e-08
-0.2922	1.952604321e-08
-0.2916	1.968722542e-08
-0.291	1.985007416e-08
-0.2904	2.001461015e-08
-0.2898	2.018085441e-08
-0.2892	2.034882828e-08
-0.2886	2.051855339e-08
-0.288	2.069005169e-08
-0.2874	2.086334546e-08
-0.2868	2.103845731e-08
-0.2862	2.121541016e-08
-0.2856	2.13942273e-08
-0.285	2.157493235e-08
-0.2844	2.175754926e-08
-0.2838	2.194210237e-08
-0.2832	2.212861636e-08
-0.2826	2.231711628e-08
-0.282	2.250762757e-08
-0.2814	2.270017603e-08
-0.2808	2.289478785e-08
-0.2802	2.309148964e-08
-0.2796	2.329030837e-08
-0.279	2.349127144e-08
-0.2784	2.369440667e-08
-0.2778	2.389974229e-08
-0.2772	2.410730696e-08
-0.2766	2.431712979e-08
-0.276	2.452924032e-08
-0.2754	2.474366854e-08
-0.2748	2.496044491e-08
-0.2742	2.517960035e-08
-0.2736	2.540116626e-08
-0.273	2.562517453e-08
-0.2724	2.585165753e-08
-0.2718	2.608064815e-08
-0.2712	2.631217976e-08
-0.2706	2.654628629e-08
-0.27	2.678300217e-08
-0.2694	2.702236238e-08
-0.2688	2.726440244e-08
-0.2682	2.750915844e-08
-0.2676	2.775666703e-08
-0.267	2.800696544e-08
-0.2664	2.826009148e-08
-0.2658	2.851608358e-08
-0.2652	2.877498077e-08
-0.2646	2.903682269e-08
-0.264	2.930164963e-08
-0.2634	2.956950251e-08
-0.2628	2.984042292e-08
-0.2622	3.011445311e-08
-0.2616	3.039163601e-08
-0.261	3.067201525e-08
-0.2604	3.095563516e-08
-0.2598	3.124254078e-08
-0.2592	3.15327779e-08
-0.2586	3.182639305e-08
-0.258	3.212343352e-08
-0.2574	3.242394736e-08
-0.2568	3.272798344e-08
-0.2562	3.303559139e-08
-0.2556	3.33468217e-08
-0.255	3.366172567e-08
-0.2544	3.398035546e-08
-0.2538	3.430276409e-08
-0.2532	3.462900546e-08
-0.2526	3.495913438e-08
-0.252	3.529320657e-08
-0.2514	3.563127868e-08
-0.2508	3.597340833e-08
-0.2502	3.631965407e-08
-0.2496	3.667007549e-08
-0.249	3.702473315e-08
-0.2484	3.738368866e-08
-0.2478	3.774700466e-08
-0.2472	3.811474487e-08
-0.2466	3.848697409e-08
-0.246	3.886375824e-08
-0.2454	3.924516437e-08
-0.2448	3.963126067e-08
-0.2442	4.002211654e-08
-0.2436	4.041780253e-08
-0.243	4.081839047e-08
-0.2424	4.122395339e-08
-0.2418	4.163456562e-08
-0.2412	4.205030279e-08
-0.2406	4.247124184e-08
-0.24	4.289746107e-08
-0.2394	4.332904016e-08
-0.2388	4.376606019e-08
-0.2382	4.420860367e-08
-0.2376	4.465675459e-08
-0.237	4.511059843e-08
-0.2364	4.557022217e-08
-0.2358	4.603571438e-08
-0.2352	4.65071652e-08
-0.2346	4.698466638e-08
-0.234	4.746831134e-08
-0.2334	4.795819517e-08
-0.2328	4.84544147e-08
-0.2322	4.895706851e-08
-0.2316	4.946625696e-08
-0.231	4.998208226e-08
-0.2304	5.050464849e-08
-0.2298	5.103406163e-08
-0.2292	5.157042961e-08
-0.2286	5.211386235e-08
-0.228	5.26644718e-08
-0.2274	5.322237199e-08
-0.2268	5.378767907e-08
-0.2262	5.436051136e-08
-0.2256	5.494098937e-08
-0.225	5.552923589e-08
-0.2244	5.6125376e-08
-0.2238	5.672953715e-08
-0.2232	5.734184919e-08
-0.2226	5.796244442e-08
-0.222	5.859145768e-08
-0.2214	5.922902633e-08
-0.2208	5.987529041e-08
-0.2202	6.053039259e-08
-0.2196	6.119447832e-08
-0.219	6.186769582e-08
-0.2184	6.255019618e-08
-0.2178	6.324213342e-08
-0.2172	6.394366454e-08
-0.2166	6.465494961e-08
-0.216	6.537615181e-08
-0.2154	6.610743752e-08
-0.2148	6.684897638e-08
-0.2142	6.760094138e-08
-0.2136	6.836350892e-08
-0.213	6.913685889e-08
-0.2124	6.992117474e-08
-0.2118	7.071664359e-08
-0.2112	7.152345628e-08
-0.2106	7.234180749e-08
-0.21	7.317189579e-08
-0.2094	7.401392375e-08
-0.2088	7.486809804e-08
-0.2082	7.573462951e-08
-0.2076	7.66137333e-08
-0.207	7.750562891e-08
-0.2064	7.841054035e-08
-0.2058	7.93286962e-08
-0.2052	8.026032976e-08
-0.2046	8.120567911e-08
-0.204	8.216498727e-08
-0.2034	8.31385023e-08
-0.2028	8.41264774e-08
-0.2022	8.512917106e-08
-0.2016	8.614684718e-08
-0.201	8.717977519e-08
-0.2004	8.822823021e-08
-0.1998	8.929249313e-08
-0.1992	9.037285082e-08
-0.1986	9.146959622e-08
-0.198	9.258302851e-08
-0.1974	9.371345329e-08
-0.1968	9.486118266e-08
-0.1962	9.602653548e-08
-0.1956	9.720983744e-08
-0.195	9.84114213e-08
-0.1944	9.963162704e-08
-0.1938	1.00870802e-07
-0.1932	1.021293012e-07
-0.1926	1.034074873e-07
-0.192	1.04705731e-07
-0.1914	1.060244112e-07
-0.1908	1.073639151e-07
-0.1902	1.087246386e-07
-0.1896	1.101069862e-07
-0.189	1.115113717e-07
-0.1884	1.129382179e-07
-0.1878	1.143879573e-07
-0.1872	1.15861032e-07
-0.1866	1.173578942e-07
-0.186	1.188790062e-07
-0.1854	1.204248411e-07
-0.1848	1.219958826e-07
-0.1842	1.235926254e-07
-0.1836	1.252155757e-07
-0.183	1.268652514e-07
-0.1824	1.285421823e-07
-0.1818	1.302469104e-07
-0.1812	1.319799906e-07
-0.1806	1.337419904e-07
-0.18	1.355334909e-07
-0.1794	1.373550868e-07
-0.1788	1.392073867e-07
-0.1782	1.410910137e-07
-0.1776	1.430066056e-07
-0.177	1.449548157e-07
-0.1764	1.469363126e-07
-0.1758	1.489517811e-07
-0.1752	1.510019224e-07
-0.1746	1.530874547e-07
-0.174	1.552091137e-07
-0.1734	1.573676528e-07
-0.1728	1.59563844e-07
-0.1722	1.617984781e-07
-0.1716	1.640723654e-07
-0.171	1.663863361e-07
-0.1704	1.68741241e-07
-0.1698	1.711379521e-07
-0.1692	1.735773632e-07
-0.1686	1.760603903e-07
-0.168	1.785879724e-07
-0.1674	1.811610724e-07
-0.1668	1.837806773e-07
-0.1662	1.864477994e-07
-0.1656	1.891634765e-07
-0.165	1.919287733e-07
-0.1644	1.947447816e-07
-0.1638	1.976126212e-07
-0.1632	2.005334412e-07
-0.1626	2.035084204e-07
-0.162	2.065387681e-07
-0.1614	2.096257255e-07
-0.1608	2.127705662e-07
-0.1602	2.159745974e-07
-0.1596	2.192391609e-07
-0.159	2.225656342e-07
-0.1584	2.259554313e-07
-0.1578	2.294100041e-07
-0.1572	2.329308436e-07
-0.1566	2.365194808e-07
-0.156	2.401774883e-07
-0.1554	2.439064813e-07
-0.1548	2.477081191e-07
-0.1542	2.515841064e-07
-0.1536	2.555361947e-07
-0.153	2.595661839e-07
-0.1524	2.636759238e-07
-0.1518	2.678673154e-07
-0.1512	2.721423132e-07
-0.1506	2.76502926e-07
-0.15	2.809512194e-07
-0.1494	2.854893175e-07
-0.1488	2.901194044e-07
-0.1482	2.948437265e-07
-0.1476	2.996645945e-07
-0.147	3.045843855e-07
-0.1464	3.096055451e-07
-0.1458	3.147305896e-07
-0.1452	3.199621087e-07
-0.1446	3.253027676e-07
-0.144	3.307553097e-07
-0.1434	3.36322559e-07
-0.1428	3.420074233e-07
-0.1422	3.478128965e-07
-0.1416	3.537420619e-07
-0.141	3.597980951e-07
-0.1404	3.659842673e-07
-0.1398	3.723039483e-07
-0.1392	3.787606105e-07
-0.1386	3.853578317e-07
-0.138	3.920992994e-07
-0.1374	3.989888144e-07
-0.1368	4.06030295e-07
-0.1362	4.132277806e-07
-0.1356	4.205854369e-07
-0.135	4.281075596e-07
-0.1344	4.357985794e-07
-0.1338	4.436630672e-07
-0.1332	4.517057384e-07
-0.1326	4.599314589e-07
-0.132	4.683452502e-07
-0.1314	4.769522953e-07
-0.1308	4.857579445e-07
-0.1302	4.947677217e-07
-0.1296	5.03987331e-07
-0.129	5.134226631e-07
-0.1284	5.230798025e-07
-0.1278	5.329650352e-07
-0.1272	5.430848554e-07
-0.1266	5.534459746e-07
-0.126	5.640553289e-07
-0.1254	5.749200883e-07
-0.1248	5.860476656e-07
-0.1242	5.974457257e-07
-0.1236	6.091221954e-07
-0.123	6.210852741e-07
-0.1224	6.333434439e-07
-0.1218	6.459054816e-07
-0.1212	6.587804696e-07
-0.1206	6.719778089e-07
-0.12	6.855072312e-07
-0.1194	6.99378813e-07
-0.1188	7.13602989e-07
-0.1182	7.281905671e-07
-0.1176	7.431527436e-07
-0.117	7.585011193e-07
-0.1164	7.742477162e-07
-0.1158	7.904049951e-07
-0.1152	8.069858739e-07
-0.1146	8.240037471e-07
-0.114	8.414725058e-07
-0.1134	8.594065589e-07
-0.1128	8.778208553e-07
-0.1122	8.96730907e-07
-0.1116	9.161528138e-07
-0.111	9.361032886e-07
-0.1104	9.565996842e-07
-0.1098	9.776600218e-07
-0.1092	9.993030199e-07
-0.1086	1.021548126e-06
-0.108	1.04441555e-06
-0.1074	1.067926295e-06
-0.1068	1.092102197e-06
-0.1062	1.116965963e-06
-0.1056	1.142541207e-06
-0.105	1.168852494e-06
-0.1044	1.195925386e-06
-0.1038	1.223786484e-06
-0.1032	1.252463482e-06
-0.1026	1.281985212e-06
-0.102	1.312381705e-06
-0.1014	1.343684242e-06
-0.1008	1.375925419e-06
-0.1002	1.409139205e-06
-0.0996	1.443361013e-06
-0.099	1.478627771e-06
-0.0984	1.514977991e-06
-0.0978	1.552451854e-06
-0.0972	1.591091288e-06
-0.0966	1.630940057e-06
-0.096	1.672043854e-06
-0.0954	1.7144504e-06
-0.0948	1.758209543e-06
-0.0942	1.803373373e-06
-0.0936	1.849996331e-06
-0.093	1.898135339e-06
-0.0924	1.947849923e-06
-0.0918	1.999202355e-06
-0.0912	2.052257794e-06
-0.0906	2.107084444e-06
-0.09	2.163753717e-06
-0.0894	2.222340404e-06
-0.0888	2.282922862e-06
-0.0882	2.345583208e-06
-0.0876	2.410407526e-06
-0.087	2.477486088e-06
-0.0864	2.546913591e-06
-0.0858	2.618789402e-06
-0.0852	2.693217825e-06
-0.0846	2.770308386e-06
-0.084	2.850176127e-06
-0.0834	2.932941934e-06
-0.0828	3.018732874e-06
-0.0822	3.107682555e-06
-0.0816	3.199931524e-06
-0.081	3.295627672e-06
-0.0804	3.394926678e-06
-0.0798	3.497992487e-06
-0.0792	3.604997805e-06
-0.0786	3.716124648e-06
-0.078	3.831564912e-06
-0.0774	3.951520997e-06
-0.0768	4.076206462e-06
-0.0762	4.205846741e-06
-0.0756	4.340679896e-06
-0.075	4.480957437e-06
-0.0744	4.626945194e-06
-0.0738	4.778924258e-06
-0.0732	4.937191988e-06
-0.0726	5.102063096e-06
-0.072	5.273870816e-06
-0.0714	5.452968155e-06
-0.0708	5.639729248e-06
-0.0702	5.834550817e-06
-0.0696	6.037853736e-06
-0.069	6.250084729e-06
-0.0684	6.4717182e-06
-0.0678	6.70325821e-06
-0.0672	6.945240609e-06
-0.0666	7.198235354e-06
-0.066	7.462849004e-06
-0.0654	7.739727436e-06
-0.0648	8.029558777e-06
-0.0642	8.333076597e-06
-0.0636	8.651063364e-06
-0.063	8.984354203e-06
-0.0624	9.333840988e-06
-0.0618	9.70047678e-06
-0.0612	1.008528068e-05
-0.0606	1.048934309e-05
-0.06	1.091383149e-05
-0.0594	1.13599967e-05
-0.0588	1.182917979e-05
-0.0582	1.23228195e-05
-0.0576	1.284246057e-05
-0.057	1.338976266e-05
-0.0564	1.396651025e-05
-0.0558	1.457462348e-05
-0.0552	1.521617006e-05
-0.0546	1.589337835e-05
-0.054	1.660865176e-05
-0.0534	1.736458469e-05
-0.0528	1.816397997e-05
-0.0522	1.900986826e-05
-0.0516	1.990552946e-05
-0.051	2.085451632e-05
-0.0504	2.186068072e-05
-0.0498	2.292820277e-05
-0.0492	2.40616231e-05
-0.0486	2.526587885e-05
-0.048	2.654634365e-05
-0.0474	2.790887228e-05
-0.0468	2.935985041e-05
-0.0462	3.090625039e-05
-0.0456	3.255569346e-05
-0.045	3.43165197e-05
-0.0444	3.619786644e-05
-0.0438	3.820975645e-05
-0.0432	4.036319721e-05
-0.0426	4.267029294e-05
-0.042	4.514437106e-05
-0.0414	4.780012532e-05
-0.0408	5.065377801e-05
-0.0402	5.372326416e-05
-0.0396	5.702844094e-05
-0.039	6.059132644e-05
-0.0384	6.443637208e-05
-0.0378	6.859077436e-05
-0.0372	7.308483213e-05
-0.0366	7.795235688e-05
-0.036	8.323114506e-05
-0.0354	8.896352287e-05
-0.0348	9.51969761e-05
-0.0342	0.00010198488
-0.0336	0.0001093873473
-0.033	0.0001174722152
-0.0324	0.0001263161985
-0.0318	0.0001360062388
-0.0312	0.0001466410886
-0.0306	0.0001583331759
-0.03	0.0001712108055
-0.0294	0.0001854207664
-0.0288	0.0002011314287
-0.0282	0.000218536435
-0.0276	0.0002378591151
-0.027	0.0002593577842
-0.0264	0.0002833321248
-0.0258	0.0003101309032
-0.0252	0.0003401613371
-0.0246	0.0003739005135
-0.024	0.0004119093669
-0.0234	0.0004548498672
-0.0228	0.0005035062533
-0.0222	0.0005588113936
-0.0216	0.0006218796764
-0.021	0.0006940482666
-0.0204	0.0007769291461
-0.0198	0.0008724751362
-0.0192	0.0009830641723
-0.0186	0.001111607563
-0.018	0.001261689991
-0.0174	0.001437751839
-0.0168	0.001645328389
-0.0162	0.001891366061
-0.0156	0.002184643923
-0.015	0.002536340304
-0.0144	0.002960801318
-0.0138	0.003476593056
-0.0132	0.004107956381
-0.0126	0.004886839141
-0.012	0.005855765558
-0.0114	0.007071932909
-0.0108	0.008613127813
-0.0102	0.01058637064
-0.0096	0.01314069486
-0.009	0.01648625665
-0.0084	0.02092321754
-0.0078	0.02688579827
-0.0072	0.03500989342
-0.0066	0.04623695989
-0.006	0.06197234191
-0.0054	0.0843205068
-0.0048	0.1164140247
-0.0042	0.1628107138
-0.0036	0.2297854449
-0.003	0.3249510386
-0.0024	0.4548648628
-0.0018	0.6185107104
-0.0012	0.7962271504
-0.0006	0.942284971
0	1
0.0006	0.9796813444
0.0012	0.9212058181
0.0018	0.8315097574
0.0024	0.7206143594
0.003	0.5997676536
0.0036	0.4795791493
0.0042	0.3685692891
0.0048	0.2723797597
0.0054	0.1936743161
0.006	0.1325816365
0.0066	0.08743953517
0.0072	0.05559925913
0.0078	0.0341124739
0.0084	0.02021192512
0.009	0.01157546614
0.0096	0.006413699608
0.0102	0.003441405847
0.0108	0.001789991585
0.0114	0.0009034318811
0.012	0.0004429141319
0.0126	0.0002111449481
0.0132	9.798087574e-05
0.0138	4.430647104e-05
0.0144	1.954454719e-05
0.015	8.419457198e-06
0.0156	3.54575355e-06
0.0162	1.461376249e-06
0.0168	5.900699463e-07
0.0174	2.336611193e-07
0.018	9.083600815e-08
0.0186	3.470227776e-08
0.0192	1.304120529e-08
0.0198	4.825693288e-09
0.0204	1.759935153e-09
0.021	6.331856327e-10
0.0216	2.249337383e-10
0.0222	7.896741234e-11
0.0228	2.742079968e-11
0.0234	9.425593155e-12
0.024	3.209809336e-12
0.0246	1.083740746e-12
0.0252	3.63051998e-13
0.0258	1.207589049e-13
0.0264	3.990929931e-14
0.027	1.311352624e-14
0.0276	4.286762848e-15
0.0282	1.394975544e-15
0.0288	4.521495798e-16
0.0294	1.460549154e-16
0.03	4.70433189e-17
0.0306	1.511631931e-17
0.0312	4.848068402e-18
0.0318	1.552616468e-18
0.0324	4.967305062e-19
0.033	1.588245523e-19
0.0336	5.077201811e-20
0.0342	1.623312635e-20
0.0348	5.19282056e-21
0.0354	1.662539979e-21
0.036	5.328989172e-22
0.0366	1.71060705e-22
0.0372	5.500596378e-23
0.0378	1.772302372e-23
0.0384	5.723241672e-24
0.039	1.852780011e-24
0.0396	6.014205507e-25
0.0402	1.957918268e-25
0.0408	6.393760675e-26
0.0414	2.094797235e-26
0.042	6.88691254e-27
0.0426	2.272335168e-27
0.0432	7.525738109e-28
0.0438	2.502153347e-28
0.0444	8.352603523e-29
0.045	2.79978026e-29
0.0456	9.424696463e-30
0.0462	3.186366571e-30
0.0468	1.082054681e-30
0.0474	3.691175501e-31
0.048	1.264957745e-31
0.0486	4.355259871e-32
0.0492	1.506631279e-32
0.0498	5.236971703e-33
0.0504	1.829181585e-33
0.051	6.420330846e-34
0.0516	2.264646457e-34
0.0522	8.027903605e-35
0.0528	2.860071864e-35
0.0534	1.024087934e-35
0.054	3.685477244e-36
0.0546	1.333077501e-36
0.0552	4.846516143e-37
0.0558	1.771015904e-37
0.0564	6.504865494e-38
0.057	2.401488171e-38
0.0576	8.911500189e-39
0.0582	3.323917417e-39
0.0588	1.246173077e-39
0.0594	4.6960629e-40
0.06	1.778748497e-40
0.0606	6.772001978e-41
0.0612	2.591417773e-41
0.0618	9.967144533e-42
0.0624	3.853110268e-42
0.063	1.497108145e-42
0.0636	5.84640644e-43
0.0642	2.294623116e-43
0.0648	9.051324186e-44
0.0654	3.588249305e-44
0.066	1.429597167e-44
0.0666	5.723948523e-45
0.0672	2.303131304e-45
0.0678	9.312626635e-46
0.0684	3.783950209e-46
0.069	1.544995588e-46
0.0696	6.338788425e-47
0.0702	2.61318852e-47
0.0708	1.082452213e-47
0.0714	4.50513725e-48
0.072	1.88389288e-48
0.0726	7.914812938e-49
0.0732	3.340785478e-49
0.0738	1.416664662e-49
0.0744	6.035079325e-50
0.075	2.582754594e-50
0.0756	1.110335481e-50
0.0762	4.79493572e-51
0.0768	2.079961787e-51
0.0774	9.06271549e-52
0.078	3.966232141e-52
0.0786	1.743416006e-52
0.0792	7.696855437e-53
0.0798	3.412724978e-53
0.0804	1.519676522e-53
0.081	6.79593397e-54
0.0816	3.051978793e-54
0.0822	1.376367709e-54
0.0828	6.232959324e-55
0.0834	2.834309268e-55
0.084	1.294135071e-55
0.0846	5.933046265e-56
0.0852	2.731039563e-56
0.0858	1.262166912e-56
0.0864	5.856398153e-57
0.087	2.728072572e-57
0.0876	1.275790417e-57
0.0882	5.989457357e-58
0.0888	2.822715066e-58
0.0894	1.335379771e-58
0.09	6.341435339e-59
0.0906	3.022750332e-59
0.0912	1.44622514e-59
0.0918	6.945052299e-60
0.0924	3.347405038e-60
0.093	1.619277834e-60
0.0936	7.86144085e-61
0.0942	3.830346008e-61
0.0948	1.872907928e-61
0.0954	9.190200641e-62
0.096	4.525341643e-62
0.0966	2.236059353e-62
0.0972	1.108686382e-62
0.0978	5.515888507e-63
0.0984	2.753541771e-63
0.099	1.3791942e-63
0.0996	6.931144828e-64
0.1002	3.494770451e-64
0.1008	1.767888599e-64
0.1014	8.972267626e-65
0.102	4.568243564e-65
0.1026	2.333375916e-65
0.1032	1.195631691e-65
0.1038	6.145769772e-66
0.1044	3.168913123e-66
0.105	1.639036658e-66
0.1056	8.503554464e-67
0.1062	4.425222697e-67
0.1068	2.309840387e-67
0.1074	1.209290151e-67
0.108	6.349950842e-68
0.1086	3.344192009e-68
0.1092	1.766374671e-68
0.1098	9.356967432e-69
0.1104	4.970934612e-69
0.111	2.648388532e-69
0.1116	1.414999311e-69
0.1122	7.581443435e-70
0.1128	4.07341879e-70
0.1134	2.194664619e-70
0.114	1.185686116e-70
0.1146	6.423243782e-71
0.1152	3.489095775e-71
0.1158	1.900360513e-71
0.1164	1.037802281e-71
0.117	5.682503915e-72
0.1176	3.119625321e-72
0.1182	1.717093159e-72
0.1188	9.475567968e-73
0.1194	5.242373331e-73
0.12	2.907725166e-73
0.1206	1.616862089e-73
0.1212	9.013187289e-74
0.1218	5.036876137e-74
0.1224	2.821716323e-74
0.123	1.584624842e-74
0.1236	8.920567976e-75
0.1242	5.033887173e-75
0.1248	2.847419378e-75
0.1254	1.614464601e-75
0.126	9.175441494e-76
0.1266	5.226838278e-76
0.1272	2.984401005e-76
0.1278	1.707944532e-76
0.1284	9.796734515e-77
0.129	5.632127836e-77
0.1296	3.245188472e-77
0.1302	1.874029151e-77
0.1308	1.084612408e-77
0.1314	6.291112995e-78
0.132	3.657025986e-78
0.1326	2.130439825e-78
0.1332	1.243781956e-78
0.1338	7.276895609e-79
0.1344	4.266464872e-79
0.135	2.506707332e-79
0.1356	1.475862413e-79
0.1362	8.707396457e-80
0.1368	5.147833075e-80
0.1374	3.049634786e-80
0.138	1.810306292e-80
0.1386	1.076789506e-80
0.1392	6.417676602e-81
0.1398	3.83254179e-81
0.1404	2.293252537e-81
0.141	1.374886015e-81
0.1416	8.258958988e-82
0.1422	4.970748157e-82
0.1428	2.997437502e-82
0.1434	1.810942188e-82
0.144	1.096173533e-82
0.1446	6.647656541e-83
0.1452	4.038933322e-83
0.1458	2.458487542e-83
0.1464	1.499225569e-83
0.147	9.15921102e-84
0.1476	5.605776688e-84
0.1482	3.437120402e-84
0.1488	2.111200859e-84
0.1494	1.299077022e-84
0.15	8.007658052e-85
0.1506	4.94465724e-85
0.1512	3.058593427e-85
0.1518	1.895208854e-85
0.1524	1.176351466e-85
0.153	7.314030913e-86
0.1536	4.555239131e-86
0.1542	2.841811943e-86
0.1548	1.775842196e-86
0.1554	1.111561383e-86
0.156	6.969117377e-87
0.1566	4.376557198e-87
0.1572	2.752917737e-87
0.1578	1.734422878e-87
0.1584	1.094493708e-87
0.159	6.917728049e-88
0.1596	4.3792638e-88
0.1602	2.776653221e-88
0.1608	1.76327741e-88
0.1614	1.121485587e-88
0.162	7.143917535e-89
0.1626	4.557687263e-89
0.1632	2.912149542e-89
0.1638	1.863543925e-89
0.1644	1.194313088e-89
0.165	7.665582651e-90
0.1656	4.927384277e-90
0.1662	3.171961294e-90
0.1668	2.044915866e-90
0.1674	1.320246735e-90
0.168	8.536166167e-91
0.1686	5.52706745e-91
0.1692	3.583825816e-91
0.1698	2.327101694e-91
0.1704	1.513199954e-91
0.171	9.853396247e-92
0.1716	6.425108484e-92
0.1722	4.19542653e-92
0.1728	2.74327406e-92
0.1734	1.796205454e-92
0.174	1.177695213e-92
0.1746	7.73207884e-93
0.1752	5.083262229e-93
0.1758	3.346324658e-93
0.1764	2.205816728e-93
0.177	1.45593865e-93
0.1776	9.622447618e-94
0.1782	6.367858898e-94
0.1788	4.219522401e-94
0.1794	2.79957286e-94
0.18	1.859839714e-94
0.1806	1.237118225e-94
0.1812	8.239399235e-95
0.1818	5.494463343e-95
0.1824	3.668573038e-95
0.183	2.452494307e-95
0.1836	1.641551884e-95
0.1842	1.100104229e-95
0.1848	7.381464595e-96
0.1854	4.958811892e-96
0.186	3.335308715e-96
0.1866	2.246025613e-96
0.1872	1.514295421e-96
0.1878	1.022164405e-96
0.1884	6.907838324e-97
0.189	4.673819034e-97
0.1896	3.165971597e-97
0.1902	2.147062213e-97
0.1908	1.457746003e-97
0.1914	9.908681157e-98
0.192	6.742854412e-98
0.1926	4.593702227e-98
0.1932	3.13307104e-98
0.1938	2.139258318e-98
0.1944	1.462308696e-98
0.195	1.000679556e-98
0.1956	6.855330991e-99
0.1962	4.701501668e-99
0.1968	3.227876241e-99
0.1974	2.218536822e-99
0.198	1.526452464e-99
0.1986	1.051390909e-99
0.1992	7.249480311e-100
0.1998	5.003901006e-100
0.2004	3.457539862e-100
0.201	2.391552002e-100
0.2016	1.655938189e-100
0.2022	1.147777242e-100
0.2028	7.963754153e-101
0.2034	5.531238689e-101
0.204	3.845642132e-101
0.2046	2.676423637e-101
0.2052	1.864567018e-101
0.2058	1.300277173e-101
0.2064	9.07666578e-102
0.207	6.342301732e-102
0.2076	4.436038498e-102
0.2082	3.10576996e-102
0.2088	2.176539597e-102
0.2094	1.526809749e-102
0.21	1.072067455e-102
0.2106	7.534872806e-103
0.2112	5.30083359e-103
0.2118	3.732713611e-103
0.2124	2.630966174e-103
0.213	1.856153159e-103
0.2136	1.310744897e-103
0.2142	9.264591035e-104
0.2148	6.554445337e-104
0.2154	4.641359132e-104
0.216	3.289666506e-104
0.2166	2.333748192e-104
0.2172	1.657103004e-104
0.2178	1.177704639e-104
0.2184	8.377465235e-105
0.219	5.964530478e-105
0.2196	4.25035589e-105
0.2202	3.031501423e-105
0.2208	2.164072268e-105
0.2214	1.546198742e-105
0.222	1.105698011e-105
0.2226	7.913771312e-106
0.2232	5.66897225e-106
0.2238	4.064406708e-106
0.2244	2.916487509e-106
0.225	2.094553068e-106
0.2256	1.505528803e-106
0.2262	1.083057221e-106
0.2268	7.797880251e-107
0.2274	5.619048146e-107
0.228	4.052361648e-107
0.2286	2.924900676e-107
0.2292	2.112855408e-107
0.2298	1.527504214e-107
0.2304	1.105216377e-107
0.231	8.003182919e-108
0.2316	5.799986807e-108
0.2322	4.206669627e-108
0.2328	3.053481279e-108
0.2334	2.218175498e-108
0.234	1.612644627e-108
0.2346	1.17333473e-108
0.2352	8.543661338e-109
0.2358	6.225917308e-109
0.2364	4.540443578e-109
0.237	3.313807144e-109
0.2376	2.420408104e-109
0.2382	1.769215805e-109
0.2388	1.294202691e-109
0.2394	9.474395421e-110
0.24	6.941077409e-110
0.2406	5.088935048e-110
0.2412	3.73379132e-110
0.2418	2.741541192e-110
0.2424	2.01446444e-110
0.243	1.481300052e-110
0.2436	1.0900429e-110
0.2442	8.027120615e-111
0.2448	5.915482452e-111
0.2454	4.362478323e-111
0.246	3.219494447e-111
0.2466	2.377671936e-111
0.2472	1.757213829e-111
0.2478	1.299583857e-111
0.2484	9.618107207e-112
0.249	7.123265534e-112
0.2496	5.279240932e-112
0.2502	3.915302154e-112
0.2508	2.905756166e-112
0.2514	2.15800168e-112
0.252	1.603768817e-112
0.2526	1.192690574e-112
0.2532	8.875820546e-113
0.2538	6.609713264e-113
0.2544	4.925482646e-113
0.255	3.672871445e-113
0.2556	2.740640849e-113
0.2562	2.04638197e-113
0.2568	1.529002412e-113
0.2574	1.143181701e-113
0.258	8.552768514e-114
0.2586	6.40296719e-114
0.2592	4.796646275e-114
0.2598	3.595627789e-114
0.2604	2.697063373e-114
0.261	2.024350637e-114
0.2616	1.52039795e-114
0.2622	1.142627189e-114
0.2628	8.592635205e-115
0.2634	6.465789253e-115
0.264	4.868429452e-115
0.2646	3.667982084e-115
0.2652	2.76525604e-115
0.2658	2.085989656e-115
0.2664	1.574549991e-115
0.267	1.189233439e-115
0.2676	8.987584483e-116
0.2682	6.796462754e-116
0.2688	5.142636795e-116
0.2694	3.893593442e-116
0.27	2.949687965e-116
0.2706	2.235945284e-116
0.2712	1.695917766e-116
0.2718	1.287080882e-116
0.2724	9.773795249e-117
0.273	7.426358383e-117
0.2736	5.646024644e-117
0.2742	4.294996058e-117
0.2748	3.269149988e-117
0.2754	2.489762656e-117
0.276	1.897278265e-117
0.2766	1.446615308e-117
0.2772	1.103628714e-117
0.2778	8.424416129e-118
0.2784	6.434317618e-118
0.279	4.917111212e-118
0.2796	3.759771151e-118
0.2802	2.876442087e-118
0.2808	2.201870162e-118
0.2814	1.686431235e-118
0.282	1.292365764e-118
0.2826	9.909258348e-119
0.2832	7.602121136e-119
0.2838	5.835329477e-119
0.2844	4.481588551e-119
0.285	3.443765972e-119
0.2856	2.647703683e-119
0.2862	2.036752633e-119
0.2868	1.567615015e-119
0.2874	1.207179445e-119
0.288	9.30110641e-120
0.2886	7.170126817e-120
0.2892	5.530285969e-120
0.2898	4.267720406e-120
0.2904	3.295118549e-120
0.291	2.545493211e-120
0.2916	1.967423088e-120
0.2922	1.521414729e-120
0.2928	1.177119675e-120
0.2934	9.112045757e-121
0.294	7.057202233e-121
0.2946	5.468519481e-121
0.2952	4.239617059e-121
0.2958	3.288533778e-121
0.2964	2.552089722e-121
0.297	1.981557492e-121
0.2976	1.539336899e-121
0.2982	1.196399184e-121
0.2988	9.303216501e-122
0.2994	7.23775554e-122
0.3	5.633621064e-122
0.3006	4.387159983e-122
0.3012	3.418146057e-122
0.3018	2.664454169e-122
0.3024	2.077952333e-122
0.303	1.621331404e-122
0.3036	1.265657215e-122
0.3042	9.884795799e-123
0.3048	7.723707453e-123
0.3054	6.037952017e-123
0.306	4.722352999e-123
0.3066	3.695144382e-123
0.3072	2.892729213e-123
0.3078	2.265618535e-123
0.3084	1.775283322e-123
0.309	1.391712977e-123
0.3096	1.091520878e-123
0.3102	8.564737054e-124
0.3108	6.723492025e-124
0.3114	5.280485879e-124
0.312	4.149065321e-124
0.3126	3.261544597e-124
0.3132	2.565029146e-124
0.3138	2.018164193e-124
0.3144	1.588602265e-124
0.315	1.251029729e-124
0.3156	9.856282484e-125
0.3162	7.768747463e-125
0.3168	6.126049637e-125
0.3174	4.832823812e-125
0.318	3.814272003e-125
0.3186	3.011701398e-125
0.3192	2.379036054e-125
0.3198	1.880088589e-125
0.3204	1.48642533e-125
0.321	1.175695069e-125
0.3216	9.303201674e-126
0.3222	7.364709876e-126
0.3228	5.83261957e-126
0.3234	4.621210955e-126
0.324	3.66295356e-126
0.3246	2.904623511e-126
0.3252	2.304254518e-126
0.3258	1.828742509e-126
0.3264	1.451962963e-126
0.327	1.153290565e-126
0.3276	9.164346938e-127
0.3282	7.285229713e-127
0.3288	5.793797206e-127
0.3294	4.609576336e-127
0.33	3.668899262e-127
0.3306	2.921372887e-127
0.3312	2.327094458e-127
0.3318	1.854454675e-127
0.3324	1.478403608e-127
0.333	1.179081358e-127
0.3336	9.407362809e-128
0.3342	7.508700308e-128
0.3348	5.995615913e-128
0.3354	4.789325932e-128
0.336	3.82724219e-128
0.3366	3.059622651e-128
0.3372	2.446918871e-128
0.3378	1.957674429e-128
0.3384	1.566859221e-128
0.339	1.254548684e-128
0.3396	1.004876096e-128
0.3402	8.052011603e-129
0.3408	6.454499597e-129
0.3414	5.175907484e-129
0.342	4.152174601e-129
0.3426	3.332186671e-129
0.3432	2.675143549e-129
0.3438	2.148465361e-129
0.3444	1.726126272e-129
0.345	1.387328027e-129
0.3456	1.115443558e-129
0.3462	8.97175355e-130
0.3468	7.21884678e-130
0.3474	5.810567164e-130
0.348	4.678739894e-130
0.3486	3.76875945e-130
0.3492	3.036872386e-130
0.3498	2.448007503e-130
0.3504	1.974042494e-130
0.351	1.592418726e-130
0.3516	1.285033824e-130
0.3522	1.03735601e-130
0.3528	8.377155242e-131
0.3534	6.767375176e-131
0.354	5.468879904e-131
0.3546	4.421101157e-131
0.3552	3.575328441e-131
0.3558	2.89237339e-131
0.3564	2.340696961e-131
0.357	1.8949072e-131
0.3576	1.53455382e-131
0.3582	1.243160587e-131
0.3588	1.007448323e-131
0.3594	8.167107486e-132
0.36	6.62312916e-132
0.3606	5.372880147e-132
0.3612	4.360131359e-132
0.3618	3.539484433e-132
0.3624	2.874272724e-132
0.363	2.334871579e-132
0.3636	1.897337581e-132
0.3642	1.542312337e-132
0.3648	1.254139079e-132
0.3654	1.0201505e-132
0.366	8.300944423e-133
0.3666	6.756705912e-133
0.3672	5.501565878e-133
0.3678	4.48106199e-133
0.3684	3.651055739e-133
0.369	2.975763401e-133
0.3696	2.426164841e-133
0.3702	1.978717225e-133
0.3708	1.61431484e-133
0.3714	1.317447672e-133
0.372	1.07552051e-133
0.3726	8.783017843e-134
0.3732	7.174772596e-134
0.3738	5.862885149e-134
0.3744	4.792400095e-134
0.375	3.918616404e-134
0.3756	3.205162169e-134
0.3762	2.622433034e-134
0.3768	2.146325187e-134
0.3774	1.757207015e-134
0.378	1.439084193e-134
0.3786	1.1789216e-134
0.3792	9.660924217e-135
0.3798	7.919304409e-135
0.3804	6.493660735e-135
0.381	5.326303819e-135
0.3816	4.370142994e-135
0.3822	3.586726996e-135
0.3828	2.944649103e-135
0.3834	2.418248497e-135
0.384	1.986552504e-135
0.3846	1.632414755e-135
0.3852	1.34181276e-135
0.3858	1.103275228e-135
0.3864	9.074150199e-136
0.387	7.465481307e-136
0.3876	6.143827594e-136
0.3882	5.057654934e-136
0.3888	4.16474053e-136
0.3894	3.430480013e-136
0.39	2.826504242e-136
0.3906	2.329548784e-136
0.3912	1.920529644e-136
0.3918	1.583787375e-136
0.3924	1.306468719e-136
0.393	1.078020586e-136
0.3936	8.897758543e-137
0.3942	7.34614215e-137
0.3948	6.06684384e-137
0.3954	5.011765141e-137
0.396	4.141356739e-137
0.3966	3.423089412e-137
0.3972	2.830200133e-137
0.3978	2.340663537e-137
0.3984	1.936347988e-137
0.399	1.602322909e-137
0.3996	1.326290109e-137
0.4002	1.098116752e-137
0.4008	9.094517088e-138
0.4014	7.534103042e-138
0.402	6.24315188e-138
0.4026	5.174832841e-138
0.4032	4.290505679e-138
0.4038	3.558279168e-138
0.4044	2.951824881e-138
0.405	2.449400762e-138
0.4056	2.033047156e-138
0.4062	1.687924655e-138
0.4068	1.401768582e-138
0.4074	1.16443944e-138
0.408	9.675523527e-139
0.4086	8.041715132e-139
0.4092	6.685581777e-139
0.4098	5.559627587e-139
0.4104	4.624532541e-139
0.411	3.847736202e-139
0.4116	3.202268335e-139
0.4122	2.665783069e-139
0.4128	2.219760996e-139
0.4134	1.848849785e-139
0.414	1.540319149e-139
0.4146	1.283610188e-139
0.4152	1.069962676e-139
0.4158	8.921067235e-140
0.4164	7.44007631e-140
0.417	6.206546919e-140
0.4176	5.178863389e-140
0.4182	4.322453321e-140
0.4188	3.608587994e-140
0.4194	3.013388362e-140
0.42	2.517001194e-140
0.4206	2.102916046e-140
0.4212	1.757398853e-140
0.4218	1.469022087e-140
0.4224	1.228274936e-140
0.423	1.027239775e-140
0.4236	8.593235909e-141
0.4242	7.190349654e-141
0.4248	6.017988486e-141
0.4254	5.038026678e-141
0.426	4.218684458e-141
0.4266	3.533465016e-141
0.4272	2.960270692e-141
0.4278	2.480667961e-141
0.4284	2.07927599e-141
0.429	1.743257879e-141
0.4296	1.461897222e-141
0.4302	1.226245597e-141
0.4308	1.028829027e-141
0.4314	8.634034849e-142
0.432	7.247511941e-142
0.4326	6.085108845e-142
0.4332	5.110362968e-142
0.4338	4.292782118e-142
0.4344	3.606860668e-142
0.435	3.031258864e-142
0.4356	2.548118065e-142
0.4362	2.142489245e-142
0.4368	1.801855916e-142
0.4374	1.515735768e-142
0.438	1.275347964e-142
0.4386	1.07333519e-142
0.4392	9.035314037e-143
0.4398	7.607677118e-143
0.4404	6.407100835e-143
0.441	5.397236426e-143
0.4416	4.547591595e-143
0.4422	3.832580882e-143
0.4428	3.230730992e-143
0.4434	2.72401564e-143
0.444	2.297298673e-143
0.4446	1.937867724e-143
0.4452	1.6350436e-143
0.4458	1.379853014e-143
0.4464	1.164754334e-143
0.447	9.834077001e-144
0.4476	8.304822929e-144
0.4482	7.014947028e-144
0.4488	5.926733579e-144
0.4494	5.008447776e-144
0.45	4.233381191e-144
0.4506	3.579050537e-144
0.4512	3.026524978e-144
0.4518	2.559861214e-144
0.4524	2.165628976e-144
0.453	1.832512366e-144
0.4536	1.550974843e-144
0.4542	1.312977624e-144
0.4548	1.111742944e-144
0.4554	9.415549692e-145
0.456	7.975923396e-145
0.4566	6.757872937e-145
0.4572	5.727071174e-145
0.4578	4.85454363e-145
0.4584	4.115828461e-145
0.459	3.490269105e-145
0.4596	2.96041851e-145
0.4602	2.511537242e-145
0.4608	2.131170571e-145
0.4614	1.808792044e-145
0.462	1.535503014e-145
0.4626	1.303779294e-145
0.4632	1.107257483e-145
0.4638	9.405547358e-146
0.4644	7.991166875e-146
0.465	6.790891153e-146
0.4656	5.772096107e-146
0.4662	4.907161186e-146
0.4668	4.172697015e-146
0.4674	3.548893034e-146
0.468	3.018966352e-146
0.4686	2.568696032e-146
0.4692	2.186029466e-146
0.4698	1.860749622e-146
0.4704	1.584193676e-146
0.471	1.349015058e-146
0.4716	1.148982157e-146
0.4722	9.788080131e-147
0.4728	8.340061879e-147
0.4734	7.107687679e-147
0.474	6.058630793e-147
0.4746	5.165442257e-147
0.4752	4.404810096e-147
0.4758	3.756931768e-147
0.4764	3.204982414e-147
0.477	2.734664199e-147
0.4776	2.333824301e-147
0.4782	1.99213101e-147
0.4788	1.700799065e-147
0.4794	1.452356673e-147
0.48	1.24044786e-147
0.4806	1.059664752e-147
0.4812	9.054052296e-148
0.4818	7.737520936e-148
0.4824	6.613704657e-148
0.483	5.654206588e-148
0.4836	4.834841681e-148
0.4842	4.135007941e-148
0.4848	3.537152138e-148
0.4854	3.026315693e-148
0.486	2.589748653e-148
0.4866	2.216581458e-148
0.4872	1.897545811e-148
0.4878	1.624737244e-148
0.4884	1.391413125e-148
0.489	1.191820772e-148
0.4896	1.021051157e-148
0.4902	8.749143761e-149
0.4908	7.498336154e-149
0.4914	6.427548562e-149
0.492	5.510699615e-149
0.4926	4.725511535e-149
0.4932	4.05295181e-149
0.4938	3.476757358e-149
0.4944	2.983028912e-149
0.495	2.559885197e-149
0.4956	2.197168024e-149
0.4962	1.886190772e-149
0.4968	1.619523806e-149
0.4974	1.390811403e-149
0.498	1.194615503e-149
0.4986	1.02628235e-149
0.4992	8.818286331e-150
0.4998	7.578442661e-150
0.5004	6.514093568e-150
0.501	5.600232807e-150
0.5016	4.81544084e-150
0.5022	4.141367009e-150
0.5028	3.562286964e-150
0.5034	3.064724327e-150
0.504	2.637127211e-150
0.5046	2.269591588e-150
0.5052	1.953624687e-150
0.5058	1.681942578e-150
0.5064	1.448296977e-150
0.507	1.247327031e-150
0.5076	1.07443245e-150
0.5082	9.256648951e-151
0.5088	7.976349765e-151
0.5094	6.874326061e-151
0.51	5.925587728e-151
0.5106	5.108670923e-151
0.5112	4.405137225e-151
0.5118	3.799144381e-151
0.5124	3.277078358e-151
0.513	2.827237879e-151
0.5136	2.43956392e-151
0.5142	2.105407701e-151
0.5148	1.817331675e-151
0.5154	1.568938783e-151
0.516	1.354725935e-151
0.5166	1.169958256e-151
0.5172	1.01056114e-151
0.5178	8.730275728e-152
0.5184	7.543385414e-152
0.519	6.518946842e-152
0.5196	5.634575727e-152
0.5202	4.870992638e-152
0.5208	4.211589498e-152
0.5214	3.642056998e-152
0.522	3.15006432e-152
0.5226	2.724983777e-152
0.5232	2.35765402e-152
0.5238	2.04017639e-152
0.5244	1.765739736e-152
0.525	1.528469691e-152
0.5256	1.323298986e-152
0.5262	1.145855822e-152
0.5268	9.923677896e-153
0.5274	8.595791487e-153
0.528	7.44679597e-153
0.5286	6.452429239e-153
0.5292	5.591741691e-153
0.5298	4.846640977e-153
0.5304	4.201499734e-153
0.531	3.642817523e-153
0.5316	3.158929432e-153
0.5322	2.739754869e-153
0.5328	2.376580953e-153
0.5334	2.061875721e-153
0.534	1.789127009e-153
0.5346	1.552703461e-153
0.5352	1.347734605e-153
0.5358	1.170007367e-153
0.5364	1.015876746e-153
0.537	8.821887159e-154
0.5376	7.662136473e-154
0.5382	6.655888279e-154
0.5388	5.782688131e-154
0.5394	5.024825402e-154
0.54	4.366962782e-154
0.5406	3.795816131e-154
0.5412	3.299877804e-154
0.5418	2.869177502e-154
0.5424	2.495075529e-154
0.543	2.170084037e-154
0.5436	1.887712441e-154
0.5442	1.642333716e-154
0.5448	1.429068743e-154
0.5454	1.243686238e-154
0.546	1.082516165e-154
0.5466	9.423747961e-155
0.5472	8.204998422e-155
0.5478	7.144942975e-155
0.5484	6.222778119e-155
0.549	5.420445818e-155
0.5496	4.722268767e-155
0.5502	4.114634437e-155
0.5508	3.585721322e-155
0.5514	3.125261726e-155
0.552	2.724336171e-155
0.5526	2.375195188e-155
0.5532	2.071104822e-155
0.5538	1.80621267e-155
0.5544	1.575431705e-155
0.555	1.374339515e-155
0.5556	1.199090894e-155
0.5562	1.046342004e-155
0.5568	9.131845658e-156
0.5574	7.970887478e-156
0.558	6.958535907e-156
0.5586	6.075639697e-156
0.5592	5.305532265e-156
0.5598	4.633707186e-156
0.5604	4.047536344e-156
0.561	3.536025105e-156
0.5616	3.089599616e-156
0.5622	2.699921974e-156
0.5628	2.359729608e-156
0.5634	2.062695667e-156
0.564	1.803307658e-156
0.5646	1.576761924e-156
0.5652	1.378871887e-156
0.5658	1.205988254e-156
0.5664	1.054929598e-156
0.567	9.229219758e-157
0.5676	8.075463888e-157
0.5682	7.066930601e-157
0.5688	6.185216437e-157
0.5694	5.414265859e-157
0.57	4.740069701e-157
0.5706	4.150402608e-157
0.5712	3.634594372e-157
0.5718	3.183330794e-157
0.5724	2.788480195e-157
0.573	2.442942286e-157
0.5736	2.140516474e-157
0.5742	1.875787094e-157
0.5748	1.644023384e-157
0.5754	1.441092283e-157
0.576	1.263382414e-157
0.5766	1.107737792e-157
0.5772	9.714000171e-158
0.5778	8.519578493e-158
0.5784	7.473032255e-158
0.579	6.55592884e-158
0.5796	5.752148783e-158
0.5802	5.047593547e-158
0.5808	4.429930457e-158
0.5814	3.888370036e-158
0.582	3.413471612e-158
0.5826	2.99697357e-158
0.5832	2.631645113e-158
0.5838	2.311156775e-158
0.5844	2.029967324e-158
0.585	1.783224934e-158
0.5856	1.56668084e-158
0.5862	1.376613878e-158
0.5868	1.209764527e-158
0.5874	1.063277255e-158
0.588	9.346501116e-159
0.5886	8.216906517e-159
0.5892	7.22477391e-159
0.5898	6.353260936e-159
0.5904	5.587602814e-159
0.591	4.914854344e-159
0.5916	4.323664154e-159
0.5922	3.804077152e-159
0.5928	3.347361615e-159
0.5934	2.945857846e-159
0.594	2.592845668e-159
0.5946	2.282428409e-159
0.5952	2.009431315e-159
0.5958	1.769312564e-159
0.5964	1.558085336e-159
0.597	1.372249534e-159
0.5976	1.208731965e-159
0.5982	1.064833919e-159
0.5988	9.381852276e-160
0.5994	8.267040022e-160
