-0.6	1.046964998e-09
-0.5994	1.051163212e-09
-0.5988	1.055382491e-09
-0.5982	1.05962296e-09
-0.5976	1.063884748e-09
-0.597	1.068167983e-09
-0.5964	1.072472796e-09
-0.5958	1.076799316e-09
-0.5952	1.081147675e-09
-0.5946	1.085518007e-09
-0.594	1.089910443e-09
-0.5934	1.094325118e-09
-0.5928	1.098762168e-09
-0.5922	1.103221728e-09
-0.5916	1.107703937e-09
-0.591	1.112208931e-09
-0.5904	1.116736851e-09
-0.5898	1.121287836e-09
-0.5892	1.125862028e-09
-0.5886	1.130459568e-09
-0.588	1.1350806e-09
-0.5874	1.139725268e-09
-0.5868	1.144393717e-09
-0.5862	1.149086094e-09
-0.5856	1.153802546e-09
-0.585	1.15854322e-09
-0.5844	1.163308268e-09
-0.5838	1.168097838e-09
-0.5832	1.172912083e-09
-0.5826	1.177751156e-09
-0.582	1.18261521e-09
-0.5814	1.1875044e-09
-0.5808	1.192418882e-09
-0.5802	1.197358814e-09
-0.5796	1.202324353e-09
-0.579	1.207315659e-09
-0.5784	1.212332893e-09
-0.5778	1.217376217e-09
-0.5772	1.222445793e-09
-0.5766	1.227541786e-09
-0.576	1.232664361e-09
-0.5754	1.237813684e-09
-0.5748	1.242989924e-09
-0.5742	1.248193249e-09
-0.5736	1.253423829e-09
-0.573	1.258681837e-09
-0.5724	1.263967445e-09
-0.5718	1.269280826e-09
-0.5712	1.274622157e-09
-0.5706	1.279991613e-09
-0.57	1.285389374e-09
-0.5694	1.290815617e-09
-0.5688	1.296270523e-09
-0.5682	1.301754276e-09
-0.5676	1.307267056e-09
-0.567	1.31280905e-09
-0.5664	1.318380443e-09
-0.5658	1.323981423e-09
-0.5652	1.329612178e-09
-0.5646	1.335272898e-09
-0.564	1.340963775e-09
-0.5634	1.346685002e-09
-0.5628	1.352436774e-09
-0.5622	1.358219285e-09
-0.5616	1.364032735e-09
-0.561	1.369877321e-09
-0.5604	1.375753244e-09
-0.5598	1.381660705e-09
-0.5592	1.387599908e-09
-0.5586	1.393571059e-09
-0.558	1.399574362e-09
-0.5574	1.405610027e-09
-0.5568	1.411678263e-09
-0.5562	1.417779281e-09
-0.5556	1.423913293e-09
-0.555	1.430080515e-09
-0.5544	1.436281162e-09
-0.5538	1.442515451e-09
-0.5532	1.448783603e-09
-0.5526	1.455085837e-09
-0.552	1.461422377e-09
-0.5514	1.467793447e-09
-0.5508	1.474199273e-09
-0.5502	1.480640083e-09
-0.5496	1.487116105e-09
-0.549	1.493627573e-09
-0.5484	1.500174718e-09
-0.5478	1.506757775e-09
-0.5472	1.513376981e-09
-0.5466	1.520032575e-09
-0.546	1.526724796e-09
-0.5454	1.533453888e-09
-0.5448	1.540220093e-09
-0.5442	1.547023659e-09
-0.5436	1.553864832e-09
-0.543	1.560743862e-09
-0.5424	1.567661002e-09
-0.5418	1.574616504e-09
-0.5412	1.581610625e-09
-0.5406	1.588643621e-09
-0.54	1.595715753e-09
-0.5394	1.602827282e-09
-0.5388	1.609978472e-09
-0.5382	1.617169588e-09
-0.5376	1.624400899e-09
-0.537	1.631672673e-09
-0.5364	1.638985184e-09
-0.5358	1.646338705e-09
-0.5352	1.653733513e-09
-0.5346	1.661169886e-09
-0.534	1.668648105e-09
-0.5334	1.676168452e-09
-0.5328	1.683731213e-09
-0.5322	1.691336676e-09
-0.5316	1.698985129e-09
-0.531	1.706676864e-09
-0.5304	1.714412177e-09
-0.5298	1.722191364e-09
-0.5292	1.730014722e-09
-0.5286	1.737882555e-09
-0.528	1.745795166e-09
-0.5274	1.75375286e-09
-0.5268	1.761755946e-09
-0.5262	1.769804736e-09
-0.5256	1.777899543e-09
-0.525	1.786040683e-09
-0.5244	1.794228474e-09
-0.5238	1.802463238e-09
-0.5232	1.810745299e-09
-0.5226	1.819074983e-09
-0.522	1.827452619e-09
-0.5214	1.835878538e-09
-0.5208	1.844353074e-09
-0.5202	1.852876566e-09
-0.5196	1.861449353e-09
-0.519	1.870071776e-09
-0.5184	1.878744182e-09
-0.5178	1.887466918e-09
-0.5172	1.896240335e-09
-0.5166	1.905064788e-09
-0.516	1.913940633e-09
-0.5154	1.922868228e-09
-0.5148	1.931847938e-09
-0.5142	1.940880127e-09
-0.5136	1.949965164e-09
-0.513	1.95910342e-09
-0.5124	1.96829527e-09
-0.5118	1.977541092e-09
-0.5112	1.986841266e-09
-0.5106	1.996196175e-09
-0.51	2.005606208e-09
-0.5094	2.015071754e-09
-0.5088	2.024593207e-09
-0.5082	2.034170964e-09
-0.5076	2.043805423e-09
-0.507	2.05349699e-09
-0.5064	2.06324607e-09
-0.5058	2.073053074e-09
-0.5052	2.082918414e-09
-0.5046	2.092842509e-09
-0.504	2.102825778e-09
-0.5034	2.112868645e-09
-0.5028	2.122971537e-09
-0.5022	2.133134886e-09
-0.5016	2.143359127e-09
-0.501	2.153644697e-09
-0.5004	2.163992039e-09
-0.4998	2.174401598e-09
-0.4992	2.184873824e-09
-0.4986	2.19540917e-09
-0.498	2.206008093e-09
-0.4974	2.216671054e-09
-0.4968	2.227398518e-09
-0.4962	2.238190954e-09
-0.4956	2.249048835e-09
-0.495	2.259972636e-09
-0.4944	2.27096284e-09
-0.4938	2.282019931e-09
-0.4932	2.293144398e-09
-0.4926	2.304336734e-09
-0.492	2.315597437e-09
-0.4914	2.326927009e-09
-0.4908	2.338325956e-09
-0.4902	2.349794788e-09
-0.4896	2.36133402e-09
-0.489	2.37294417e-09
-0.4884	2.384625764e-09
-0.4878	2.396379328e-09
-0.4872	2.408205396e-09
-0.4866	2.420104505e-09
-0.486	2.432077197e-09
-0.4854	2.444124019e-09
-0.4848	2.456245522e-09
-0.4842	2.468442263e-09
-0.4836	2.480714802e-09
-0.483	2.493063705e-09
-0.4824	2.505489544e-09
-0.4818	2.517992894e-09
-0.4812	2.530574337e-09
-0.4806	2.543234458e-09
-0.48	2.555973848e-09
-0.4794	2.568793103e-09
-0.4788	2.581692827e-09
-0.4782	2.594673624e-09
-0.4776	2.607736108e-09
-0.477	2.620880895e-09
-0.4764	2.63410861e-09
-0.4758	2.647419881e-09
-0.4752	2.660815341e-09
-0.4746	2.674295631e-09
-0.474	2.687861396e-09
-0.4734	2.701513288e-09
-0.4728	2.715251962e-09
-0.4722	2.729078083e-09
-0.4716	2.742992319e-09
-0.471	2.756995344e-09
-0.4704	2.771087839e-09
-0.4698	2.785270492e-09
-0.4692	2.799543994e-09
-0.4686	2.813909047e-09
-0.468	2.828366354e-09
-0.4674	2.842916628e-09
-0.4668	2.857560587e-09
-0.4662	2.872298956e-09
-0.4656	2.887132467e-09
-0.465	2.902061856e-09
-0.4644	2.91708787e-09
-0.4638	2.932211259e-09
-0.4632	2.947432781e-09
-0.4626	2.962753201e-09
-0.462	2.978173293e-09
-0.4614	2.993693834e-09
-0.4608	3.009315611e-09
-0.4602	3.025039418e-09
-0.4596	3.040866054e-09
-0.459	3.056796329e-09
-0.4584	3.072831058e-09
-0.4578	3.088971063e-09
-0.4572	3.105217175e-09
-0.4566	3.121570232e-09
-0.456	3.13803108e-09
-0.4554	3.154600573e-09
-0.4548	3.171279573e-09
-0.4542	3.188068949e-09
-0.4536	3.204969578e-09
-0.453	3.221982347e-09
-0.4524	3.23910815e-09
-0.4518	3.256347889e-09
-0.4512	3.273702475e-09
-0.4506	3.291172826e-09
-0.45	3.308759872e-09
-0.4494	3.326464548e-09
-0.4488	3.344287801e-09
-0.4482	3.362230583e-09
-0.4476	3.38029386e-09
-0.447	3.398478602e-09
-0.4464	3.416785791e-09
-0.4458	3.435216418e-09
-0.4452	3.453771483e-09
-0.4446	3.472451996e-09
-0.444	3.491258976e-09
-0.4434	3.510193451e-09
-0.4428	3.52925646e-09
-0.4422	3.548449052e-09
-0.4416	3.567772285e-09
-0.441	3.587227227e-09
-0.4404	3.606814957e-09
-0.4398	3.626536565e-09
-0.4392	3.64639315e-09
-0.4386	3.666385822e-09
-0.438	3.686515701e-09
-0.4374	3.70678392e-09
-0.4368	3.72719162e-09
-0.4362	3.747739956e-09
-0.4356	3.76843009e-09
-0.435	3.789263201e-09
-0.4344	3.810240474e-09
-0.4338	3.831363108e-09
-0.4332	3.852632314e-09
-0.4326	3.874049314e-09
-0.432	3.895615343e-09
-0.4314	3.917331645e-09
-0.4308	3.93919948e-09
-0.4302	3.961220118e-09
-0.4296	3.983394842e-09
-0.429	4.005724948e-09
-0.4284	4.028211744e-09
-0.4278	4.050856551e-09
-0.4272	4.073660704e-09
-0.4266	4.09662555e-09
-0.426	4.119752449e-09
-0.4254	4.143042776e-09
-0.4248	4.166497919e-09
-0.4242	4.190119279e-09
-0.4236	4.213908272e-09
-0.423	4.237866328e-09
-0.4224	4.261994889e-09
-0.4218	4.286295414e-09
-0.4212	4.310769377e-09
-0.4206	4.335418264e-09
-0.42	4.360243578e-09
-0.4194	4.385246837e-09
-0.4188	4.410429573e-09
-0.4182	4.435793335e-09
-0.4176	4.461339686e-09
-0.417	4.487070205e-09
-0.4164	4.51298649e-09
-0.4158	4.53909015e-09
-0.4152	4.565382814e-09
-0.4146	4.591866126e-09
-0.414	4.618541749e-09
-0.4134	4.64541136e-09
-0.4128	4.672476654e-09
-0.4122	4.699739343e-09
-0.4116	4.727201159e-09
-0.411	4.754863849e-09
-0.4104	4.782729178e-09
-0.4098	4.810798931e-09
-0.4092	4.83907491e-09
-0.4086	4.867558935e-09
-0.408	4.896252846e-09
-0.4074	4.925158501e-09
-0.4068	4.954277779e-09
-0.4062	4.983612577e-09
-0.4056	5.013164812e-09
-0.405	5.04293642e-09
-0.4044	5.072929359e-09
-0.4038	5.103145605e-09
-0.4032	5.133587158e-09
-0.4026	5.164256036e-09
-0.402	5.195154279e-09
-0.4014	5.226283948e-09
-0.4008	5.257647128e-09
-0.4002	5.289245922e-09
-0.3996	5.321082458e-09
-0.399	5.353158886e-09
-0.3984	5.385477378e-09
-0.3978	5.41804013e-09
-0.3972	5.450849359e-09
-0.3966	5.483907309e-09
-0.396	5.517216245e-09
-0.3954	5.550778458e-09
-0.3948	5.584596261e-09
-0.3942	5.618671994e-09
-0.3936	5.653008022e-09
-0.393	5.687606734e-09
-0.3924	5.722470545e-09
-0.3918	5.757601897e-09
-0.3912	5.793003256e-09
-0.3906	5.828677117e-09
-0.39	5.864626001e-09
-0.3894	5.900852456e-09
-0.3888	5.937359057e-09
-0.3882	5.974148409e-09
-0.3876	6.011223144e-09
-0.387	6.048585921e-09
-0.3864	6.086239431e-09
-0.3858	6.124186393e-09
-0.3852	6.162429555e-09
-0.3846	6.200971695e-09
-0.384	6.239815624e-09
-0.3834	6.278964181e-09
-0.3828	6.318420238e-09
-0.3822	6.358186697e-09
-0.3816	6.398266493e-09
-0.381	6.438662593e-09
-0.3804	6.479377998e-09
-0.3798	6.520415742e-09
-0.3792	6.56177889e-09
-0.3786	6.603470545e-09
-0.378	6.645493842e-09
-0.3774	6.687851952e-09
-0.3768	6.730548081e-09
-0.3762	6.773585471e-09
-0.3756	6.8169674e-09
-0.375	6.860697183e-09
-0.3744	6.904778173e-09
-0.3738	6.949213761e-09
-0.3732	6.994007374e-09
-0.3726	7.039162479e-09
-0.372	7.084682583e-09
-0.3714	7.130571232e-09
-0.3708	7.176832013e-09
-0.3702	7.223468552e-09
-0.3696	7.270484518e-09
-0.369	7.317883621e-09
-0.3684	7.365669615e-09
-0.3678	7.413846294e-09
-0.3672	7.462417498e-09
-0.3666	7.51138711e-09
-0.366	7.560759059e-09
-0.3654	7.610537316e-09
-0.3648	7.660725902e-09
-0.3642	7.711328882e-09
-0.3636	7.762350368e-09
-0.363	7.81379452e-09
-0.3624	7.865665548e-09
-0.3618	7.917967709e-09
-0.3612	7.970705309e-09
-0.3606	8.023882707e-09
-0.36	8.077504311e-09
-0.3594	8.13157458e-09
-0.3588	8.186098028e-09
-0.3582	8.24107922e-09
-0.3576	8.296522774e-09
-0.357	8.352433365e-09
-0.3564	8.408815722e-09
-0.3558	8.465674628e-09
-0.3552	8.523014926e-09
-0.3546	8.580841515e-09
-0.354	8.639159352e-09
-0.3534	8.697973453e-09
-0.3528	8.757288894e-09
-0.3522	8.817110813e-09
-0.3516	8.877444408e-09
-0.351	8.938294939e-09
-0.3504	8.99966773e-09
-0.3498	9.06156817e-09
-0.3492	9.124001711e-09
-0.3486	9.186973872e-09
-0.348	9.250490238e-09
-0.3474	9.314556464e-09
-0.3468	9.379178271e-09
-0.3462	9.444361451e-09
-0.3456	9.510111865e-09
-0.345	9.576435447e-09
-0.3444	9.643338203e-09
-0.3438	9.710826213e-09
-0.3432	9.778905632e-09
-0.3426	9.847582689e-09
-0.342	9.916863691e-09
-0.3414	9.986755022e-09
-0.3408	1.005726314e-08
-0.3402	1.01283946e-08
-0.3396	1.020015602e-08
-0.339	1.027255411e-08
-0.3384	1.034559565e-08
-0.3378	1.041928753e-08
-0.3372	1.049363669e-08
-0.3366	1.05686502e-08
-0.336	1.064433518e-08
-0.3354	1.072069887e-08
-0.3348	1.079774857e-08
-0.3342	1.08754917e-08
-0.3336	1.095393575e-08
-0.333	1.103308834e-08
-0.3324	1.111295714e-08
-0.3318	1.119354995e-08
-0.3312	1.127487466e-08
-0.3306	1.135693926e-08
-0.33	1.143975184e-08
-0.3294	1.15233206e-08
-0.3288	1.160765384e-08
-0.3282	1.169275996e-08
-0.3276	1.177864749e-08
-0.327	1.186532504e-08
-0.3264	1.195280136e-08
-0.3258	1.204108528e-08
-0.3252	1.213018579e-08
-0.3246	1.222011194e-08
-0.324	1.231087295e-08
-0.3234	1.240247814e-08
-0.3228	1.249493693e-08
-0.3222	1.258825889e-08
-0.3216	1.268245372e-08
-0.321	1.277753122e-08
-0.3204	1.287350135e-08
-0.3198	1.297037417e-08
-0.3192	1.306815989e-08
-0.3186	1.316686885e-08
-0.318	1.326651155e-08
-0.3174	1.336709858e-08
-0.3168	1.346864072e-08
-0.3162	1.357114887e-08
-0.3156	1.367463408e-08
-0.315	1.377910753e-08
-0.3144	1.388458059e-08
-0.3138	1.399106474e-08
-0.3132	1.409857165e-08
-0.3126	1.420711312e-08
-0.312	1.431670111e-08
-0.3114	1.442734777e-08
-0.3108	1.453906539e-08
-0.3102	1.465186643e-08
-0.3096	1.476576352e-08
-0.309	1.488076948e-08
-0.3084	1.499689727e-08
-0.3078	1.511416005e-08
-0.3072	1.523257117e-08
-0.3066	1.535214414e-08
-0.306	1.547289267e-08
-0.3054	1.559483065e-08
-0.3048	1.571797218e-08
-0.3042	1.584233153e-08
-0.3036	1.596792319e-08
-0.303	1.609476184e-08
-0.3024	1.622286237e-08
-0.3018	1.635223986e-08
-0.3012	1.648290963e-08
-0.3006	1.66148872e-08
-0.3	1.67481883e-08
-0.2994	1.688282889e-08
-0.2988	1.701882516e-08
-0.2982	1.715619352e-08
-0.2976	1.729495061e-08
-0.297	1.743511331e-08
-0.2964	1.757669876e-08
-0.2958	1.77197243e-08
-0.2952	1.786420756e-08
-0.2946	1.801016639e-08
-0.294	1.815761893e-08
-0.2934	1.830658354e-08
-0.2928	1.845707887e-08
-0.2922	1.860912385e-08
-0.2916	1.876273764e-08
-0.291	1.891793972e-08
-0.2904	1.907474984e-08
-0.2898	1.923318803e-08
-0.2892	1.939327461e-08
-0.2886	1.95550302e-08
-0.288	1.971847574e-08
-0.2874	1.988363244e-08
-0.2868	2.005052186e-08
-0.2862	2.021916585e-08
-0.2856	2.03895866e-08
-0.285	2.056180661e-08
-0.2844	2.073584872e-08
-0.2838	2.091173613e-08
-0.2832	2.108949235e-08
-0.2826	2.126914126e-08
-0.282	2.14507071e-08
-0.2814	2.163421446e-08
-0.2808	2.181968832e-08
-0.2802	2.2007154e-08
-0.2796	2.219663724e-08
-0.279	2.238816415e-08
-0.2784	2.258176123e-08
-0.2778	2.277745539e-08
-0.2772	2.297527395e-08
-0.2766	2.317524464e-08
-0.276	2.337739562e-08
-0.2754	2.358175548e-08
-0.2748	2.378835325e-08
-0.2742	2.399721838e-08
-0.2736	2.420838082e-08
-0.273	2.442187095e-08
-0.2724	2.463771961e-08
-0.2718	2.485595816e-08
-0.2712	2.507661842e-08
-0.2706	2.529973269e-08
-0.27	2.552533381e-08
-0.2694	2.57534551e-08
-0.2688	2.598413043e-08
-0.2682	2.621739419e-08
-0.2676	2.64532813e-08
-0.267	2.669182725e-08
-0.2664	2.693306809e-08
-0.2658	2.717704042e-08
-0.2652	2.742378145e-08
-0.2646	2.767332895e-08
-0.264	2.792572134e-08
-0.2634	2.81809976e-08
-0.2628	2.843919737e-08
-0.2622	2.870036093e-08
-0.2616	2.896452918e-08
-0.261	2.92317437e-08
-0.2604	2.950204674e-08
-0.2598	2.977548125e-08
-0.2592	3.005209084e-08
-0.2586	3.033191988e-08
-0.258	3.061501341e-08
-0.2574	3.090141725e-08
-0.2568	3.119117796e-08
-0.2562	3.148434286e-08
-0.2556	3.178096006e-08
-0.255	3.208107844e-08
-0.2544	3.238474772e-08
-0.2538	3.269201844e-08
-0.2532	3.300294196e-08
-0.2526	3.331757052e-08
-0.252	3.363595723e-08
-0.2514	3.395815607e-08
-0.2508	3.428422195e-08
-0.2502	3.46142107e-08
-0.2496	3.494817908e-08
-0.249	3.528618483e-08
-0.2484	3.562828665e-08
-0.2478	3.597454425e-08
-0.2472	3.632501837e-08
-0.2466	3.667977075e-08
-0.246	3.703886422e-08
-0.2454	3.740236269e-08
-0.2448	3.777033114e-08
-0.2442	3.814283571e-08
-0.2436	3.851994366e-08
-0.243	3.890172342e-08
-0.2424	3.928824461e-08
-0.2418	3.967957807e-08
-0.2412	4.007579587e-08
-0.2406	4.047697135e-08
-0.24	4.088317913e-08
-0.2394	4.129449514e-08
-0.2388	4.171099666e-08
-0.2382	4.213276234e-08
-0.2376	4.255987222e-08
-0.237	4.299240776e-08
-0.2364	4.343045187e-08
-0.2358	4.387408896e-08
-0.2352	4.432340492e-08
-0.2346	4.477848721e-08
-0.234	4.523942487e-08
-0.2334	4.570630852e-08
-0.2328	4.617923044e-08
-0.2322	4.665828459e-08
-0.2316	4.714356662e-08
-0.231	4.763517394e-08
-0.2304	4.813320575e-08
-0.2298	4.863776304e-08
-0.2292	4.914894868e-08
-0.2286	4.966686744e-08
-0.228	5.019162602e-08
-0.2274	5.072333308e-08
-0.2268	5.126209934e-08
-0.2262	5.180803754e-08
-0.2256	5.236126255e-08
-0.225	5.292189139e-08
-0.2244	5.349004329e-08
-0.2238	5.406583969e-08
-0.2232	5.464940435e-08
-0.2226	5.524086338e-08
-0.222	5.584034527e-08
-0.2214	5.644798095e-08
-0.2208	5.706390387e-08
-0.2202	5.768825003e-08
-0.2196	5.832115802e-08
-0.219	5.896276912e-08
-0.2184	5.961322734e-08
-0.2178	6.027267945e-08
-0.2172	6.09412751e-08
-0.2166	6.161916684e-08
-0.216	6.230651018e-08
-0.2154	6.300346371e-08
-0.2148	6.371018911e-08
-0.2142	6.442685123e-08
-0.2136	6.51536182e-08
-0.213	6.589066147e-08
-0.2124	6.663815589e-08
-0.2118	6.739627978e-08
-0.2112	6.816521504e-08
-0.2106	6.894514719e-08
-0.21	6.973626551e-08
-0.2094	7.053876305e-08
-0.2088	7.135283678e-08
-0.2082	7.217868765e-08
-0.2076	7.301652071e-08
-0.207	7.386654516e-08
-0.2064	7.472897449e-08
-0.2058	7.560402657e-08
-0.2052	7.649192372e-08
-0.2046	7.739289288e-08
-0.204	7.830716565e-08
-0.2034	7.923497844e-08
-0.2028	8.017657258e-08
-0.2022	8.113219443e-08
-0.2016	8.210209551e-08
-0.201	8.30865326e-08
-0.2004	8.408576789e-08
-0.1998	8.510006913e-08
-0.1992	8.612970969e-08
-0.1986	8.717496878e-08
-0.198	8.823613154e-08
-0.1974	8.931348922e-08
-0.1968	9.04073393e-08
-0.1962	9.151798564e-08
-0.1956	9.264573867e-08
-0.195	9.379091554e-08
-0.1944	9.495384025e-08
-0.1938	9.613484389e-08
-0.1932	9.733426475e-08
-0.1926	9.855244853e-08
-0.192	9.978974853e-08
-0.1914	1.010465258e-07
-0.1908	1.023231495e-07
-0.1902	1.036199968e-07
-0.1896	1.049374534e-07
-0.189	1.062759135e-07
-0.1884	1.076357802e-07
-0.1878	1.090174656e-07
-0.1872	1.104213911e-07
-0.1866	1.118479877e-07
-0.186	1.132976961e-07
-0.1854	1.14770967e-07
-0.1848	1.162682615e-07
-0.1842	1.177900511e-07
-0.1836	1.193368183e-07
-0.183	1.209090566e-07
-0.1824	1.225072709e-07
-0.1818	1.241319779e-07
-0.1812	1.257837064e-07
-0.1806	1.274629973e-07
-0.18	1.291704045e-07
-0.1794	1.309064946e-07
-0.1788	1.326718478e-07
-0.1782	1.344670579e-07
-0.1776	1.362927329e-07
-0.177	1.381494953e-07
-0.1764	1.400379824e-07
-0.1758	1.419588468e-07
-0.1752	1.43912757e-07
-0.1746	1.459003973e-07
-0.174	1.479224689e-07
-0.1734	1.499796899e-07
-0.1728	1.520727962e-07
-0.1722	1.542025413e-07
-0.1716	1.563696975e-07
-0.171	1.585750562e-07
-0.1704	1.608194282e-07
-0.1698	1.631036447e-07
-0.1692	1.654285573e-07
-0.1686	1.677950393e-07
-0.168	1.702039855e-07
-0.1674	1.726563137e-07
-0.1668	1.751529646e-07
-0.1662	1.776949029e-07
-0.1656	1.80283118e-07
-0.165	1.829186243e-07
-0.1644	1.856024625e-07
-0.1638	1.883357e-07
-0.1632	1.911194319e-07
-0.1626	1.939547817e-07
-0.162	1.96842902e-07
-0.1614	1.997849757e-07
-0.1608	2.027822168e-07
-0.1602	2.058358711e-07
-0.1596	2.089472175e-07
-0.159	2.121175688e-07
-0.1584	2.153482727e-07
-0.1578	2.186407131e-07
-0.1572	2.21996311e-07
-0.1566	2.254165255e-07
-0.156	2.289028556e-07
-0.1554	2.324568407e-07
-0.1548	2.360800622e-07
-0.1542	2.397741448e-07
-0.1536	2.435407581e-07
-0.153	2.473816173e-07
-0.1524	2.512984856e-07
-0.1518	2.552931748e-07
-0.1512	2.593675477e-07
-0.1506	2.63523519e-07
-0.15	2.677630574e-07
-0.1494	2.720881873e-07
-0.1488	2.765009904e-07
-0.1482	2.810036077e-07
-0.1476	2.855982417e-07
-0.147	2.902871579e-07
-0.1464	2.950726871e-07
-0.1458	2.999572279e-07
-0.1452	3.049432483e-07
-0.1446	3.100332887e-07
-0.144	3.152299636e-07
-0.1434	3.205359649e-07
-0.1428	3.259540638e-07
-0.1422	3.314871139e-07
-0.1416	3.371380539e-07
-0.141	3.429099106e-07
-0.1404	3.488058017e-07
-0.1398	3.548289391e-07
-0.1392	3.609826322e-07
-0.1386	3.672702912e-07
-0.138	3.736954306e-07
-0.1374	3.802616732e-07
-0.1368	3.869727533e-07
-0.1362	3.938325212e-07
-0.1356	4.00844947e-07
-0.135	4.080141253e-07
-0.1344	4.153442789e-07
-0.1338	4.228397644e-07
-0.1332	4.305050763e-07
-0.1326	4.383448522e-07
-0.132	4.463638782e-07
-0.1314	4.545670945e-07
-0.1308	4.629596004e-07
-0.1302	4.715466611e-07
-0.1296	4.80333713e-07
-0.129	4.893263708e-07
-0.1284	4.98530434e-07
-0.1278	5.079518935e-07
-0.1272	5.175969396e-07
-0.1266	5.274719688e-07
-0.126	5.375835924e-07
-0.1254	5.479386442e-07
-0.1248	5.585441896e-07
-0.1242	5.694075342e-07
-0.1236	5.805362333e-07
-0.123	5.919381021e-07
-0.1224	6.036212252e-07
-0.1218	6.155939679e-07
-0.1212	6.278649872e-07
-0.1206	6.404432433e-07
-0.12	6.53338012e-07
-0.1194	6.665588976e-07
-0.1188	6.801158459e-07
-0.1182	6.940191582e-07
-0.1176	7.082795063e-07
-0.117	7.229079474e-07
-0.1164	7.379159402e-07
-0.1158	7.533153616e-07
-0.1152	7.691185243e-07
-0.1146	7.853381953e-07
-0.114	8.019876148e-07
-0.1134	8.190805167e-07
-0.1128	8.366311496e-07
-0.1122	8.546542988e-07
-0.1116	8.731653099e-07
-0.111	8.921801129e-07
-0.1104	9.117152477e-07
-0.1098	9.317878912e-07
-0.1092	9.524158855e-07
-0.1086	9.736177672e-07
-0.108	9.954127986e-07
-0.1074	1.017821e-06
-0.1068	1.040863186e-06
-0.1062	1.064560998e-06
-0.1056	1.088936944e-06
-0.105	1.11401444e-06
-0.1044	1.139817851e-06
-0.1038	1.166372532e-06
-0.1032	1.193704879e-06
-0.1026	1.221842376e-06
-0.102	1.250813646e-06
-0.1014	1.280648507e-06
-0.1008	1.311378028e-06
-0.1002	1.343034588e-06
-0.0996	1.375651942e-06
-0.099	1.409265289e-06
-0.0984	1.443911338e-06
-0.0978	1.47962839e-06
-0.0972	1.51645641e-06
-0.0966	1.554437114e-06
-0.096	1.593614056e-06
-0.0954	1.634032722e-06
-0.0948	1.67574063e-06
-0.0942	1.71878743e-06
-0.0936	1.763225018e-06
-0.093	1.80910765e-06
-0.0924	1.856492067e-06
-0.0918	1.905437627e-06
-0.0912	1.956006442e-06
-0.0906	2.008263525e-06
-0.09	2.062276945e-06
-0.0894	2.118117997e-06
-0.0888	2.175861371e-06
-0.0882	2.235585344e-06
-0.0876	2.297371972e-06
-0.087	2.361307308e-06
-0.0864	2.427481617e-06
-0.0858	2.495989621e-06
-0.0852	2.566930747e-06
-0.0846	2.640409398e-06
-0.084	2.716535239e-06
-0.0834	2.795423504e-06
-0.0828	2.877195318e-06
-0.0822	2.961978046e-06
-0.0816	3.049905663e-06
-0.081	3.141119148e-06
-0.0804	3.235766907e-06
-0.0798	3.334005219e-06
-0.0792	3.435998722e-06
-0.0786	3.541920927e-06
-0.078	3.651954764e-06
-0.0774	3.766293177e-06
-0.0768	3.88513975e-06
-0.0762	4.008709384e-06
-0.0756	4.137229023e-06
-0.075	4.270938432e-06
-0.0744	4.410091027e-06
-0.0738	4.554954772e-06
-0.0732	4.705813143e-06
-0.0726	4.862966161e-06
-0.072	5.026731502e-06
-0.0714	5.197445698e-06
-0.0708	5.375465423e-06
-0.0702	5.561168883e-06
-0.0696	5.754957316e-06
-0.069	5.957256602e-06
-0.0684	6.168519016e-06
-0.0678	6.389225104e-06
-0.0672	6.619885727e-06
-0.0666	6.861044262e-06
-0.066	7.113278985e-06
-0.0654	7.377205662e-06
-0.0648	7.653480344e-06
-0.0642	7.942802408e-06
-0.0636	8.245917858e-06
-0.063	8.563622908e-06
-0.0624	8.896767879e-06
-0.0618	9.246261439e-06
-0.0612	9.613075223e-06
-0.0606	9.998248863e-06
-0.06	1.040289548e-05
-0.0594	1.082820768e-05
-0.0588	1.127546409e-05
-0.0582	1.174603653e-05
-0.0576	1.224139786e-05
-0.057	1.276313053e-05
-0.0564	1.331293606e-05
-0.0558	1.389264529e-05
-0.0552	1.450422983e-05
-0.0546	1.514981445e-05
-0.054	1.583169092e-05
-0.0534	1.655233309e-05
-0.0528	1.731441365e-05
-0.0522	1.812082253e-05
-0.0516	1.897468739e-05
-0.051	1.987939612e-05
-0.0504	2.083862189e-05
-0.0498	2.185635096e-05
-0.0492	2.293691344e-05
-0.0486	2.408501762e-05
-0.048	2.530578817e-05
-0.0474	2.660480865e-05
-0.0468	2.798816911e-05
-0.0462	2.946251914e-05
-0.0456	3.103512738e-05
-0.045	3.271394819e-05
-0.0444	3.450769648e-05
-0.0438	3.642593185e-05
-0.0432	3.847915337e-05
-0.0426	4.06789064e-05
-0.042	4.303790336e-05
-0.0414	4.557016029e-05
-0.0408	4.829115166e-05
-0.0402	5.121798616e-05
-0.0396	5.436960663e-05
-0.039	5.776701788e-05
-0.0384	6.143354683e-05
-0.0378	6.539514005e-05
-0.0372	6.96807048e-05
-0.0366	7.432250083e-05
-0.036	7.935659125e-05
-0.0354	8.482336274e-05
-0.0348	9.076812699e-05
-0.0342	9.724181767e-05
-0.0336	0.0001043018002
-0.033	0.0001120128146
-0.0324	0.0001204480767
-0.0318	0.0001296905672
-0.0312	0.0001398345446
-0.0306	0.0001509873269
-0.03	0.0001632713949
-0.0294	0.0001768268837
-0.0288	0.0001918145422
-0.0282	0.0002084192617
-0.0276	0.0002268542957
-0.027	0.0002473663249
-0.0264	0.0002702415599
-0.0258	0.0002958131198
-0.0252	0.0003244699922
-0.0246	0.0003566679557
-0.024	0.0003929429532
-0.0234	0.0004339275407
-0.0228	0.0004803712109
-0.0222	0.0005331656291
-0.0216	0.0005933761296
-0.021	0.0006622812324
-0.0204	0.000741422503
-0.0198	0.0008326678281
-0.0192	0.0009382922101
-0.0186	0.001061081593
-0.018	0.001204467182
-0.0174	0.001372700451
-0.0168	0.001571082835
-0.0162	0.001806269579
-0.0156	0.002086674948
-0.015	0.002423017294
-0.0144	0.002829058868
-0.0138	0.003322619523
-0.0132	0.003926979558
-0.0126	0.004672841339
-0.012	0.005601102231
-0.0114	0.006766818787
-0.0108	0.008244940412
-0.0102	0.0101387017
-0.0096	0.01259205475
-0.009	0.01580830508
-0.0084	0.02007836024
-0.0078	0.02582396854
-0.0072	0.0336643708
-0.0066	0.044519271
-0.006	0.05976688578
-0.0054	0.08148108348
-0.0048	0.1127679656
-0.0042	0.1581834205
-0.0036	0.2240696456
-0.003	0.3182540965
-0.0024	0.4477397605
-0.0018	0.61212993
-0.0012	0.7920690299
-0.0006	0.940942837
0	1
0.0006	0.9797154218
0.0012	0.9213349824
0.0018	0.8317754235
0.0024	0.7210308423
0.003	0.6003211967
0.0036	0.4802331573
0.0042	0.3692737841
0.0048	0.2730822058
0.0054	0.1943290479
0.006	0.1331560089
0.0066	0.08791615734
0.0072	0.05597481478
0.0078	0.03439433427
0.0084	0.0204139354
0.009	0.01171403393
0.0096	0.006504851443
0.0102	0.003499012675
0.0108	0.001825028518
0.0114	0.0009239728628
0.012	0.0004545401109
0.0126	0.0002175070234
0.0132	0.0001013518735
0.0138	4.603837001e-05
0.0144	2.040850296e-05
0.015	8.838494914e-06
0.0156	3.743624971e-06
0.0162	1.552460887e-06
0.0168	6.309951673e-07
0.0174	2.516316253e-07
0.018	9.85571223e-08
0.0186	3.795213468e-08
0.0192	1.438277781e-08
0.0198	5.369465864e-09
0.0204	1.976579578e-09
0.021	7.181163252e-10
0.0216	2.577292517e-10
0.0222	9.145355258e-11
0.0228	3.211242133e-11
0.0234	1.116700429e-11
0.024	3.848883668e-12
0.0246	1.315825686e-12
0.0252	4.46525309e-13
0.0258	1.505165726e-13
0.0264	5.043212248e-14
0.027	1.68072606e-14
0.0276	5.574726118e-15
0.0282	1.841388692e-15
0.0288	6.060516727e-16
0.0294	1.988619679e-16
0.03	6.508731571e-17
0.0306	2.125971702e-17
0.0312	6.933277958e-18
0.0318	2.258568003e-18
0.0324	7.352326355e-19
0.033	2.392696253e-19
0.0336	7.787293465e-20
0.0342	2.535583137e-20
0.0348	8.262456178e-21
0.0354	2.695379764e-21
0.036	8.805253333e-22
0.0366	2.881369246e-22
0.0372	9.447305997e-23
0.0378	3.104409163e-23
0.0384	1.022621945e-23
0.039	3.377640028e-24
0.0396	1.118831236e-24
0.0402	3.717524541e-25
0.0408	1.239255063e-25
0.0414	4.145333227e-26
0.042	1.391615823e-26
0.0426	4.689266742e-27
0.0432	1.58626648e-27
0.0438	5.387516699e-28
0.0444	1.837358583e-28
0.045	6.29273824e-29
0.0456	2.164560861e-29
0.0462	7.478676628e-30
0.0468	2.595623079e-30
0.0474	9.050120481e-31
0.048	3.170252917e-31
0.0486	1.115805251e-31
0.0492	3.946056287e-32
0.0498	1.402301655e-32
0.0504	5.007759096e-33
0.051	1.797163014e-33
0.0516	6.481711394e-34
0.0522	2.349439e-34
0.0528	8.559001677e-35
0.0534	3.133840529e-35
0.054	1.153278546e-35
0.0546	4.265816518e-36
0.0552	1.585938578e-36
0.0558	5.926400116e-37
0.0564	2.225967597e-37
0.057	8.403719883e-38
0.0576	3.188963736e-38
0.0582	1.216332173e-38
0.0588	4.663131804e-39
0.0594	1.796897819e-39
0.06	6.959622231e-40
0.0606	2.709318703e-40
0.0612	1.060086778e-40
0.0618	4.168920777e-41
0.0624	1.647783231e-41
0.063	6.545809927e-42
0.0636	2.613398479e-42
0.0642	1.048620407e-42
0.0648	4.22855881e-43
0.0654	1.713635027e-43
0.066	6.978887667e-44
0.0666	2.856180348e-44
0.0672	1.174642802e-44
0.0678	4.854401274e-45
0.0684	2.015875629e-45
0.069	8.411593165e-46
0.0696	3.526689522e-46
0.0702	1.485656363e-46
0.0708	6.28809624e-47
0.0714	2.673972638e-47
0.072	1.142401624e-47
0.0726	4.903336266e-48
0.0732	2.114279245e-48
0.0738	9.158355016e-49
0.0744	3.985140167e-49
0.075	1.74191582e-49
0.0756	7.648116767e-50
0.0762	3.37296562e-50
0.0768	1.494120376e-50
0.0774	6.647551224e-51
0.078	2.970478048e-51
0.0786	1.33310895e-51
0.0792	6.008494317e-52
0.0798	2.719646389e-52
0.0804	1.236209452e-52
0.081	5.642747002e-53
0.0816	2.586390376e-53
0.0822	1.190388301e-53
0.0828	5.501237926e-54
0.0834	2.55267527e-54
0.084	1.189269488e-54
0.0846	5.562894062e-55
0.0852	2.61242242e-55
0.0858	1.231670282e-55
0.0864	5.829621746e-56
0.087	2.769922464e-56
0.0876	1.321182174e-56
0.0882	6.325753429e-57
0.0888	3.040205589e-57
0.0894	1.466633293e-57
0.09	7.101577828e-58
0.0906	3.451356343e-58
0.0912	1.683501034e-58
0.0918	8.241622008e-59
0.0924	4.049252752e-59
0.093	1.996582354e-59
0.0936	9.879547872e-60
0.0942	4.905822759e-60
0.0948	2.444551077e-60
0.0954	1.22232442e-60
0.096	6.132840891e-61
0.0966	3.087539824e-61
0.0972	1.559649537e-61
0.0978	7.904839841e-62
0.0984	4.019748203e-62
0.099	2.050843694e-62
0.0996	1.04974189e-62
0.1002	5.390600732e-63
0.1008	2.777058267e-63
0.1014	1.435207264e-63
0.102	7.440716854e-64
0.1026	3.869673061e-64
0.1032	2.018747625e-64
0.1038	1.056396761e-64
0.1044	5.544960905e-65
0.105	2.919345726e-65
0.1056	1.541620589e-65
0.1062	8.165143502e-66
0.1068	4.337445241e-66
0.1074	2.310881443e-66
0.108	1.234765579e-66
0.1086	6.616744452e-67
0.1092	3.555880146e-67
0.1098	1.916385052e-67
0.1104	1.035717804e-67
0.111	5.613236106e-68
0.1116	3.050623902e-68
0.1122	1.662485633e-68
0.1128	9.084718683e-69
0.1134	4.977829147e-69
0.114	2.734853526e-69
0.1146	1.506553267e-69
0.1152	8.32112588e-70
0.1158	4.608056617e-70
0.1164	2.558483726e-70
0.117	1.424189441e-70
0.1176	7.948118164e-71
0.1182	4.446963929e-71
0.1188	2.494347806e-71
0.1194	1.402606947e-71
0.12	7.906642035e-72
0.1206	4.468038563e-72
0.1212	2.531058627e-72
0.1218	1.43727459e-72
0.1224	8.181283029e-73
0.123	4.668089465e-73
0.1236	2.669838834e-73
0.1242	1.530562818e-73
0.1248	8.794875694e-74
0.1254	5.065390822e-74
0.126	2.924107064e-74
0.1266	1.69185471e-74
0.1272	9.811035468e-75
0.1278	5.702183511e-75
0.1284	3.321503759e-75
0.129	1.939046594e-75
0.1296	1.134473816e-75
0.1302	6.651909194e-76
0.1308	3.908739161e-76
0.1314	2.301752483e-76
0.132	1.358329653e-76
0.1326	8.032847497e-77
0.1332	4.760415459e-77
0.1338	2.826991281e-77
0.1344	1.682293271e-77
0.135	1.003159496e-77
0.1356	5.99408354e-78
0.1362	3.588836398e-78
0.1368	2.15306036e-78
0.1374	1.294267648e-78
0.138	7.795627251e-79
0.1386	4.704688883e-79
0.1392	2.844837627e-79
0.1398	1.723553244e-79
0.1404	1.046228501e-79
0.141	6.362928541e-80
0.1416	3.877129385e-80
0.1422	2.366902901e-80
0.1428	1.447643739e-80
0.1434	8.87050451e-81
0.144	5.445460787e-81
0.1446	3.348998959e-81
0.1452	2.063402167e-81
0.1458	1.273607848e-81
0.1464	7.875263268e-82
0.147	4.878277864e-82
0.1476	3.027155464e-82
0.1482	1.881760495e-82
0.1488	1.171790955e-82
0.1494	7.309487049e-83
0.15	4.567404427e-83
0.1506	2.858858994e-83
0.1512	1.792468952e-83
0.1518	1.125747979e-83
0.1524	7.08200735e-84
0.153	4.462644753e-84
0.1536	2.816722965e-84
0.1542	1.780766605e-84
0.1548	1.127654717e-84
0.1554	7.152317981e-85
0.156	4.543749e-85
0.1566	2.891172798e-85
0.1572	1.84255882e-85
0.1578	1.176120194e-85
0.1584	7.519008393e-86
0.159	4.814414439e-86
0.1596	3.087421912e-86
0.1602	1.982958858e-86
0.1608	1.27553472e-86
0.1614	8.217267241e-87
0.162	5.301695869e-87
0.1626	3.425707266e-87
0.1632	2.2168154e-87
0.1638	1.436641793e-87
0.1644	9.324016408e-88
0.165	6.060229154e-88
0.1656	3.944595756e-88
0.1662	2.571220909e-88
0.1668	1.678401033e-88
0.1674	1.097154044e-88
0.168	7.182094258e-89
0.1686	4.708063904e-89
0.1692	3.090562443e-89
0.1698	2.031574834e-89
0.1704	1.337286595e-89
0.171	8.814725523e-90
0.1716	5.818111434e-90
0.1722	3.84539141e-90
0.1728	2.544958546e-90
0.1734	1.686548825e-90
0.174	1.11915851e-90
0.1746	7.43627129e-91
0.1752	4.947505494e-91
0.1758	3.295955248e-91
0.1764	2.198552519e-91
0.177	1.468417277e-91
0.1776	9.820098527e-92
0.1782	6.575557317e-92
0.1788	4.40855565e-92
0.1794	2.959401069e-92
0.18	1.989077918e-92
0.1806	1.338557387e-92
0.1812	9.018954807e-93
0.1818	6.084238881e-93
0.1824	4.109452603e-93
0.183	2.77898521e-93
0.1836	1.88152473e-93
0.1842	1.275416361e-93
0.1848	8.655842421e-94
0.1854	5.88137644e-94
0.186	4.000901785e-94
0.1866	2.724853164e-94
0.1872	1.857939928e-94
0.1878	1.268296095e-94
0.1884	8.667765725e-95
0.189	5.930459137e-95
0.1896	4.062199622e-95
0.1902	2.785628296e-95
0.1908	1.91236692e-95
0.1914	1.314324641e-95
0.192	9.043044904e-96
0.1926	6.228803011e-96
0.1932	4.295064219e-96
0.1938	2.964880477e-96
0.1944	2.048870508e-96
0.195	1.417388729e-96
0.1956	9.815850912e-97
0.1962	6.805011142e-97
0.1968	4.722685778e-97
0.1974	3.280998409e-97
0.198	2.281798044e-97
0.1986	1.588547036e-97
0.1992	1.107062506e-97
0.1998	7.723086711e-98
0.2004	5.393291845e-98
0.201	3.77015088e-98
0.2016	2.638170832e-98
0.2022	1.847923835e-98
0.2028	1.295686112e-98
0.2034	9.093849372e-99
0.204	6.38889245e-99
0.2046	4.492943285e-99
0.2052	3.162725661e-99
0.2058	2.228512329e-99
0.2064	1.571770805e-99
0.207	1.109639209e-99
0.2076	7.841344415e-100
0.2082	5.546425734e-100
0.2088	3.926879779e-100
0.2094	2.782861237e-100
0.21	1.973980545e-100
0.2106	1.401520325e-100
0.2112	9.959992465e-101
0.2118	7.084669163e-101
0.2124	5.04404542e-101
0.213	3.594472475e-101
0.2136	2.563811089e-101
0.2142	1.830330466e-101
0.2148	1.307866996e-101
0.2154	9.353759741e-102
0.216	6.695690746e-102
0.2166	4.797214222e-102
0.2172	3.440055159e-102
0.2178	2.469006886e-102
0.2184	1.773608843e-102
0.219	1.275175914e-102
0.2196	9.176079033e-103
0.2202	6.608715704e-103
0.2208	4.763739221e-103
0.2214	3.43675041e-103
0.222	2.481505518e-103
0.2226	1.793279081e-103
0.2232	1.297012212e-103
0.2238	9.388624458e-104
0.2244	6.801736101e-104
0.225	4.931689167e-104
0.2256	3.578721781e-104
0.2262	2.599050548e-104
0.2268	1.8890972e-104
0.2274	1.374184115e-104
0.228	1.000425723e-104
0.2286	7.289074011e-105
0.2292	5.315030294e-105
0.2298	3.878674233e-105
0.2304	2.832718096e-105
0.231	2.070447518e-105
0.2316	1.514482474e-105
0.2322	1.108668693e-105
0.2328	8.12222815e-106
0.2334	5.955014553e-106
0.234	4.369413007e-106
0.2346	3.208443466e-106
0.2352	2.357735687e-106
0.2358	1.733898592e-106
0.2364	1.27608191e-106
0.237	9.398491051e-107
0.2376	6.927250408e-107
0.2382	5.109580889e-107
0.2388	3.771636079e-107
0.2394	2.786075487e-107
0.24	2.059553446e-107
0.2406	1.523592579e-107
0.2412	1.127921151e-107
0.2418	8.356054595e-108
0.2424	6.194909529e-108
0.243	4.595982698e-108
0.2436	3.412165401e-108
0.2442	2.535062107e-108
0.2448	1.884744768e-108
0.2454	1.402233984e-108
0.246	1.043977224e-108
0.2466	7.777907215e-109
0.2472	5.798748909e-109
0.2478	4.326177003e-109
0.2484	3.229768035e-109
0.249	2.412870914e-109
0.2496	1.803811717e-109
0.2502	1.349401964e-109
0.2508	1.010143699e-109
0.2514	7.566853847e-110
0.252	5.672004714e-110
0.2526	4.254470989e-110
0.2532	3.193309402e-110
0.2538	2.398399885e-110
0.2544	1.80254482e-110
0.255	1.355604998e-110
0.2556	1.020144282e-110
0.2562	7.681926239e-111
0.2568	5.788386405e-111
0.2574	4.364379506e-111
0.258	3.292788846e-111
0.2586	2.48588146e-111
0.2592	1.877893221e-111
0.2598	1.419495802e-111
0.2604	1.073665187e-111
0.261	8.125946935e-112
0.2616	6.153869183e-112
0.2622	4.663269669e-112
0.2628	3.53589717e-112
0.2634	2.682714071e-112
0.264	2.036637143e-112
0.2646	1.547092566e-112
0.2652	1.17592918e-112
0.2658	8.943492211e-113
0.2664	6.806017679e-113
0.267	5.182482808e-113
0.2676	3.948575215e-113
0.2682	3.010229487e-113
0.2688	2.296224496e-113
0.2694	1.752602984e-113
0.27	1.338462251e-113
0.2706	1.022777138e-113
0.2712	7.820006816e-114
0.2718	5.982509893e-114
0.2724	4.579402723e-114
0.273	3.507375959e-114
0.2736	2.687836403e-114
0.2742	2.060958918e-114
0.2748	1.581178139e-114
0.2754	1.213769466e-114
0.276	9.322546072e-115
0.2766	7.164316804e-115
0.2772	5.50878642e-115
0.2778	4.238156588e-115
0.2784	3.262398296e-115
0.279	2.512666779e-115
0.2796	1.936287168e-115
0.2802	1.492934026e-115
0.2808	1.151718854e-115
0.2814	8.889685275e-116
0.282	6.865297913e-116
0.2826	5.304745241e-116
0.2832	4.101104853e-116
0.2838	3.172250483e-116
0.2844	2.455067265e-116
0.285	1.901024506e-116
0.2856	1.47278553e-116
0.2862	1.141610248e-116
0.2868	8.853639902e-117
0.2874	6.86990274e-117
0.288	5.333387777e-117
0.2886	4.142654142e-117
0.2892	3.219409676e-117
0.2898	2.503196719e-117
0.2904	1.947305116e-117
0.291	1.51562738e-117
0.2916	1.180237539e-117
0.2922	9.195261515e-118
0.2928	7.167629807e-118
0.2934	5.58988682e-118
0.294	4.361597442e-118
0.2946	3.404884752e-118
0.2952	2.659332779e-118
0.2958	2.078047905e-118
0.2964	1.624614002e-118
0.297	1.270737284e-118
0.2976	9.944237226e-119
0.2982	7.785678881e-119
0.2988	6.098597836e-119
0.2994	4.779375949e-119
0.3	3.747307057e-119
0.3006	2.939499969e-119
0.3012	2.306922146e-119
0.3018	1.811327278e-119
0.3024	1.422868105e-119
0.303	1.118240738e-119
0.3036	8.792414395e-120
0.3042	6.916436452e-120
0.3048	5.443237334e-120
0.3054	4.285801239e-120
0.306	3.376026909e-120
0.3066	2.660591124e-120
0.3072	2.097722287e-120
0.3078	1.654682669e-120
0.3084	1.305802736e-120
0.309	1.030945778e-120
0.3096	8.143080649e-121
0.3102	6.43480782e-121
0.3108	5.087162781e-121
0.3114	4.023538643e-121
0.312	3.183702591e-121
0.3126	2.520274613e-121
0.3132	1.995968071e-121
0.3138	1.581426315e-121
0.3144	1.253525804e-121
0.315	9.940445399e-122
0.3156	7.886166928e-122
0.3162	6.259115322e-122
0.3168	4.969882508e-122
0.3174	3.947887686e-122
0.318	3.137388328e-122
0.3186	2.494341487e-122
0.3192	1.98393308e-122
0.3198	1.578632121e-122
0.3204	1.256657698e-122
0.321	1.000770606e-122
0.3216	7.973204682e-123
0.3222	6.354940077e-123
0.3228	5.06721733e-123
0.3234	4.042094677e-123
0.324	3.225682872e-123
0.3246	2.575220681e-123
0.3252	2.056762738e-123
0.3258	1.643350755e-123
0.3264	1.31356643e-123
0.327	1.050385909e-123
0.3276	8.402725653e-124
0.3282	6.724582301e-124
0.3288	5.383734796e-124
0.3294	4.311958839e-124
0.33	3.454916444e-124
0.3306	2.769311938e-124
0.3312	2.220634033e-124
0.3318	1.781362433e-124
0.3324	1.429542839e-124
0.333	1.147654207e-124
0.3336	9.217079519e-125
0.3342	7.405313192e-125
0.3348	5.951970332e-125
0.3354	4.78569188e-125
0.336	3.849415404e-125
0.3366	3.097492909e-125
0.3372	2.493393275e-125
0.3378	2.007870037e-125
0.3384	1.617499666e-125
0.339	1.303514966e-125
0.3396	1.050873655e-125
0.3402	8.47514407e-126
0.3408	6.837624099e-126
0.3414	5.518541948e-126
0.342	4.455576651e-126
0.3426	3.598681311e-126
0.3432	2.907650554e-126
0.3438	2.350173073e-126
0.3444	1.900271936e-126
0.345	1.537054973e-126
0.3456	1.24371322e-126
0.3462	1.006717862e-126
0.3468	8.151761106e-127
0.3474	6.60314347e-127
0.348	5.350632472e-127
0.3486	4.337246305e-127
0.3492	3.517038403e-127
0.3498	2.852946846e-127
0.3504	2.315065499e-127
0.351	1.879253674e-127
0.3516	1.526017622e-127
0.3522	1.239610368e-127
0.3528	1.007307018e-127
0.3534	8.188211041e-128
0.354	6.658343654e-128
0.3546	5.416177657e-128
0.3552	4.40725947e-128
0.3558	3.587507942e-128
0.3564	2.921226073e-128
0.357	2.379496254e-128
0.3576	1.938884594e-128
0.3582	1.580394431e-128
0.3588	1.288620807e-128
0.3594	1.051067071e-128
0.36	8.575923329e-129
0.3606	6.999645505e-129
0.3612	5.714989408e-129
0.3618	4.66765313e-129
0.3624	3.813511106e-129
0.363	3.116694899e-129
0.3636	2.548038222e-129
0.3642	2.083816642e-129
0.3648	1.704725767e-129
0.3654	1.39505251e-129
0.366	1.142002721e-129
0.3666	9.351554902e-130
0.3672	7.660201168e-130
0.3678	6.27676306e-130
0.3684	5.144818576e-130
0.369	4.218351095e-130
0.3696	3.459818148e-130
0.3702	2.83858089e-130
0.3708	2.329626488e-130
0.3714	1.912528444e-130
0.372	1.570600261e-130
0.3726	1.290206289e-130
0.3732	1.060200352e-130
0.3738	8.714683307e-131
0.3744	7.165553246e-131
0.375	5.893616572e-131
0.3756	4.848949287e-131
0.3762	3.990677229e-131
0.3768	3.285325055e-131
0.3774	2.70546835e-131
0.378	2.22863285e-131
0.3786	1.83639519e-131
0.3792	1.513648056e-131
0.3798	1.24799948e-131
0.3804	1.029281659e-131
0.381	8.491491816e-132
0.3816	7.007502928e-132
0.3822	5.78457843e-132
0.3828	4.776490047e-132
0.3834	3.94524868e-132
0.384	3.259626499e-132
0.3846	2.693945813e-132
0.3852	2.227086281e-132
0.3858	1.841670844e-132
0.3864	1.523397998e-132
0.387	1.260493941e-132
0.3876	1.043262932e-132
0.3882	8.637181436e-133
0.3888	7.152785177e-133
0.3894	5.925197315e-133
0.39	4.909695683e-133
0.3906	4.069397168e-133
0.3912	3.37387477e-133
0.3918	2.798020193e-133
0.3924	2.321108102e-133
0.393	1.926026067e-133
0.3936	1.598640675e-133
0.3942	1.327275563e-133
0.3948	1.102281497e-133
0.3954	9.156821643e-134
0.396	7.608822501e-134
0.3966	6.324267829e-134
0.3972	5.258026878e-134
0.3978	4.372750951e-134
0.3984	3.637522804e-134
0.399	3.026741949e-134
0.3996	2.519204407e-134
0.4002	2.097342759e-134
0.4008	1.74659841e-134
0.4014	1.454902905e-134
0.402	1.212249236e-134
0.4026	1.01033743e-134
0.4032	8.422814605e-135
0.4038	7.023668032e-135
0.4044	5.858498336e-135
0.405	4.88791796e-135
0.4056	4.079213473e-135
0.4062	3.405207287e-135
0.4068	2.843314752e-135
0.4074	2.374762902e-135
0.408	1.983942944e-135
0.4086	1.657873453e-135
0.4092	1.385755235e-135
0.4098	1.158602083e-135
0.4104	9.689344234e-136
0.411	8.105250605e-136
0.4116	6.781881081e-136
0.4122	5.676037226e-136
0.4128	4.751725282e-136
0.4134	3.978946696e-136
0.414	3.332693012e-136
0.4146	2.792110357e-136
0.4152	2.339804732e-136
0.4158	1.961264222e-136
0.4164	1.644378322e-136
0.417	1.379037947e-136
0.4176	1.156802508e-136
0.4182	9.706227139e-137
0.4188	8.146097405e-137
0.4194	6.838429339e-137
0.42	5.742095923e-137
0.4206	4.822714316e-137
0.4212	4.051532654e-137
0.4218	3.404501788e-137
0.4224	2.861501043e-137
0.423	2.405692274e-137
0.4236	2.022980828e-137
0.4242	1.701565593e-137
0.4248	1.431563335e-137
0.4254	1.204694951e-137
0.426	1.014023397e-137
0.4266	8.537347034e-138
0.4272	7.189549551e-138
0.4278	6.05597296e-138
0.4284	5.102339927e-138
0.429	4.299894316e-138
0.4296	3.624506e-138
0.4302	3.055921766e-138
0.4308	2.577138313e-138
0.4314	2.173877316e-138
0.432	1.834145834e-138
0.4326	1.547868098e-138
0.4332	1.306577008e-138
0.4338	1.103155606e-138
0.4344	9.316203559e-139
0.435	7.869394517e-139
0.4356	6.64880433e-139
0.4362	5.618823631e-139
0.4368	4.7494858e-139
0.4374	4.015566883e-139
0.438	3.395830028e-139
0.4386	2.872391075e-139
0.4392	2.430185763e-139
0.4398	2.056522148e-139
0.4404	1.740704542e-139
0.441	1.473717446e-139
0.4416	1.247959861e-139
0.4422	1.057021886e-139
0.4428	8.95496833e-140
0.4434	7.588231697e-140
0.444	6.431515334e-140
0.4446	5.452328048e-140
0.4452	4.623238883e-140
0.4458	3.921083801e-140
0.4464	3.326297548e-140
0.447	2.822350829e-140
0.4476	2.395276083e-140
0.4482	2.033267827e-140
0.4488	1.726345753e-140
0.4494	1.466070673e-140
0.45	1.245304963e-140
0.4506	1.058010487e-140
0.4512	8.990781079e-141
0.4518	7.641837988e-141
0.4524	6.496671976e-141
0.453	5.524290657e-141
0.4536	4.698446967e-141
0.4542	3.996907752e-141
0.4548	3.40083584e-141
0.4554	2.894267865e-141
0.456	2.463672917e-141
0.4566	2.097579416e-141
0.4572	1.786259604e-141
0.4578	1.521462693e-141
0.4584	1.29618912e-141
0.459	1.104499531e-141
0.4596	9.413531253e-142
0.4602	8.024708018e-142
0.4608	6.842192957e-142
0.4614	5.835130514e-142
0.462	4.977311039e-142
0.4626	4.246466586e-142
0.4632	3.623674145e-142
0.4638	3.092849833e-142
0.4644	2.64032007e-142
0.465	2.254457962e-142
0.4656	1.925374897e-142
0.4662	1.644658921e-142
0.4668	1.405152759e-142
0.4674	1.200765413e-142
0.468	1.026312255e-142
0.4686	8.773792419e-143
0.4692	7.50207624e-143
0.4698	6.415960066e-143
0.4704	5.48817151e-143
0.471	4.695472769e-143
0.4716	4.018059754e-143
0.4722	3.439051309e-143
0.4728	2.94405491e-143
0.4734	2.520797331e-143
0.474	2.158810476e-143
0.4746	1.849164106e-143
0.4752	1.584238393e-143
0.4758	1.357530341e-143
0.4764	1.163488994e-143
0.477	9.973751181e-144
0.4776	8.551417068e-144
0.4782	7.333321908e-144
0.4788	6.289937175e-144
0.4794	5.396032518e-144
0.48	4.630045906e-144
0.4806	3.973546695e-144
0.4812	3.4107778e-144
0.4818	2.92826526e-144
0.4824	2.514485194e-144
0.483	2.159579669e-144
0.4836	1.855114235e-144
0.4842	1.593870993e-144
0.4848	1.369671943e-144
0.4854	1.177228149e-144
0.486	1.012010938e-144
0.4866	8.701418728e-145
0.4872	7.48298765e-145
0.4878	6.436353559e-145
0.4884	5.537126774e-145
0.489	4.764403756e-145
0.4896	4.100265457e-145
0.4902	3.529348333e-145
0.4908	3.038477431e-145
0.4914	2.616352511e-145
0.492	2.253279486e-145
0.4926	1.940940584e-145
0.4932	1.672197633e-145
0.4938	1.440923634e-145
0.4944	1.241858561e-145
0.495	1.070485849e-145
0.4956	9.229266028e-146
0.4962	7.958489576e-146
0.4968	6.863904123e-146
0.4974	5.920912609e-146
0.498	5.108375301e-146
0.4986	4.408120546e-146
0.4992	3.804525218e-146
0.4998	3.284154878e-146
0.5004	2.83545507e-146
0.501	2.448486466e-146
0.5016	2.114697561e-146
0.5022	1.826729579e-146
0.5028	1.57824899e-146
0.5034	1.3638037e-146
0.504	1.178699548e-146
0.5046	1.018894228e-146
0.5052	8.809061552e-147
0.5058	7.617361549e-147
0.5064	6.588001698e-147
0.507	5.698714113e-147
0.5076	4.930306287e-147
0.5082	4.266233476e-147
0.5088	3.692230931e-147
0.5094	3.195997566e-147
0.51	2.766923804e-147
0.5106	2.395857401e-147
0.5112	2.074901901e-147
0.5118	1.797243161e-147
0.5124	1.556999993e-147
0.513	1.349095563e-147
0.5136	1.169146631e-147
0.5142	1.013368149e-147
0.5148	8.78491068e-148
0.5154	7.61691516e-148
0.516	6.605297598e-148
0.5166	5.72897595e-148
0.5172	4.969729879e-148
0.5178	4.31180966e-148
0.5184	3.741598889e-148
0.519	3.247323552e-148
0.5196	2.81880104e-148
0.5202	2.447223584e-148
0.5208	2.124971358e-148
0.5214	1.845451166e-148
0.522	1.602957178e-148
0.5226	1.392550685e-148
0.5232	1.209956262e-148
0.5238	1.051472076e-148
0.5244	9.138924101e-149
0.525	7.944407188e-149
0.5256	6.907117805e-149
0.5262	6.006216982e-149
0.5268	5.223646796e-149
0.5274	4.543756689e-149
0.528	3.952980344e-149
0.5286	3.439556219e-149
0.5292	2.993285811e-149
0.5298	2.605324519e-149
0.5304	2.268000675e-149
0.531	1.974658932e-149
0.5316	1.719524703e-149
0.5322	1.497586806e-149
0.5328	1.30449585e-149
0.5334	1.136476238e-149
0.534	9.902499522e-150
0.5346	8.629705293e-150
0.5352	7.521658568e-150
0.5358	6.556886036e-150
0.5364	5.716732581e-150
0.537	4.984988888e-150
0.5376	4.347568583e-150
0.5382	3.792228285e-150
0.5388	3.308324826e-150
0.5394	2.886604668e-150
0.54	2.51902122e-150
0.5406	2.198576339e-150
0.5412	1.919182778e-150
0.5418	1.675544812e-150
0.5424	1.463054609e-150
0.543	1.277702262e-150
0.5436	1.115997668e-150
0.5442	9.749026855e-151
0.5448	8.517722008e-151
0.5454	7.443029375e-151
0.546	6.504889754e-151
0.5466	5.685830979e-151
0.5472	4.970631978e-151
0.5478	4.346030748e-151
0.5484	3.800470476e-151
0.549	3.323878788e-151
0.5496	2.907475759e-151
0.5502	2.543606935e-151
0.5508	2.22559807e-151
0.5514	1.947628737e-151
0.552	1.704622352e-151
0.5526	1.492150459e-151
0.5532	1.30634941e-151
0.5538	1.143847837e-151
0.5544	1.001703494e-151
0.555	8.77348265e-152
0.5556	7.685402567e-152
0.5562	6.733220785e-152
0.5568	5.899844877e-152
0.5574	5.17034714e-152
0.558	4.531688548e-152
0.5586	3.972478148e-152
0.5592	3.482763312e-152
0.5598	3.053846874e-152
0.5604	2.678127666e-152
0.561	2.348961449e-152
0.5616	2.060539616e-152
0.5622	1.807783368e-152
0.5628	1.586251388e-152
0.5634	1.392059273e-152
0.564	1.221809218e-152
0.5646	1.072528641e-152
0.5652	9.416165966e-153
0.5658	8.267969974e-153
0.5664	7.260777556e-153
0.567	6.377151037e-153
0.5676	5.601824262e-153
0.5682	4.92143031e-153
0.5688	4.324263577e-153
0.5694	3.800071878e-153
0.57	3.339874731e-153
0.5706	2.935804523e-153
0.5712	2.58096765e-153
0.5718	2.269323101e-153
0.5724	1.99557628e-153
0.573	1.755086143e-153
0.5736	1.543783966e-153
0.5742	1.358102284e-153
0.5748	1.194912703e-153
0.5754	1.051471492e-153
0.576	9.253719552e-154
0.5766	8.145027455e-154
0.5772	7.170113686e-154
0.5778	6.312722272e-154
0.5784	5.558586379e-154
0.579	4.895183228e-154
0.5796	4.311519418e-154
0.5802	3.797942846e-154
0.5808	3.345977927e-154
0.5814	2.94818119e-154
0.582	2.598014721e-154
0.5826	2.289735231e-154
0.5832	2.018296806e-154
0.5838	1.779265643e-154
0.5844	1.56874528e-154
0.585	1.383311021e-154
0.5856	1.219952425e-154
0.5862	1.076022845e-154
0.5868	9.49195162e-155
0.5874	8.374229428e-155
0.588	7.389063471e-155
0.5886	6.520622085e-155
0.5892	5.754977688e-155
0.5898	5.079876186e-155
0.5904	4.484534495e-155
0.591	3.959462729e-155
0.5916	3.496308035e-155
0.5922	3.087717409e-155
0.5928	2.727217183e-155
0.5934	2.409107134e-155
0.594	2.128367434e-155
0.5946	1.880576874e-155
0.5952	1.661840976e-155
0.5958	1.46872881e-155
0.5964	1.298217432e-155
0.597	1.147643029e-155
0.5976	1.014657962e-155
0.5982	8.971929741e-156
0.5988	7.934239498e-156
0.5994	7.017426737e-156
