-0.6	2.622859522e-243
-0.5994	3.201481962e-243
-0.5988	3.908527226e-243
-0.5982	4.772670458e-243
-0.5976	5.829028126e-243
-0.597	7.120613619e-243
-0.5964	8.700123742e-243
-0.5958	1.063213177e-242
-0.5952	1.299578018e-242
-0.5946	1.588808745e-242
-0.594	1.942801004e-242
-0.5934	2.376143278e-242
-0.5928	2.906730131e-242
-0.5922	3.556515938e-242
-0.5916	4.35244148e-242
-0.591	5.327573299e-242
-0.5904	6.522504922e-242
-0.5898	7.987080546e-242
-0.5892	9.782515797e-242
-0.5886	1.19840076e-241
-0.588	1.468394662e-241
-0.5874	1.799587227e-241
-0.5868	2.205934286e-241
-0.5862	2.704593406e-241
-0.5856	3.316662845e-241
-0.585	4.068092089e-241
-0.5844	4.990804029e-241
-0.5838	6.124078282e-241
-0.5832	7.516256784e-241
-0.5826	9.226847177e-241
-0.582	1.132911732e-240
-0.5814	1.391329633e-240
-0.5808	1.709052467e-240
-0.5802	2.099772978e-240
-0.5796	2.58036453e-240
-0.579	3.171624366e-240
-0.5784	3.899191616e-240
-0.5778	4.794681345e-240
-0.5772	5.897085831e-240
-0.5766	7.254506383e-240
-0.576	8.926294161e-240
-0.5754	1.098569716e-239
-0.5748	1.352313375e-239
-0.5742	1.665024195e-239
-0.5736	2.050488945e-239
-0.573	2.525737355e-239
-0.5724	3.111809544e-239
-0.5718	3.834706152e-239
-0.5712	4.726564929e-239
-0.5706	5.827118078e-239
-0.57	7.185497752e-239
-0.5694	8.862473374e-239
-0.5688	1.093322468e-238
-0.5682	1.349077955e-238
-0.5676	1.665027688e-238
-0.567	2.055425385e-238
-0.5664	2.537920499e-238
-0.5658	3.134372112e-238
-0.5652	3.871859059e-238
-0.5646	4.783933922e-238
-0.564	5.912180089e-238
-0.5634	7.308145579e-238
-0.5628	9.035745352e-238
-0.5622	1.117424626e-237
-0.5616	1.382197686e-237
-0.561	1.710093903e-237
-0.5604	2.116254217e-237
-0.5598	2.619473458e-237
-0.5592	3.243087486e-237
-0.5586	4.016077005e-237
-0.558	4.974441327e-237
-0.5574	6.16290848e-237
-0.5568	7.637064512e-237
-0.5562	9.46600537e-237
-0.5556	1.173564037e-236
-0.555	1.455280833e-236
-0.5544	1.805040752e-236
-0.5538	2.239379055e-236
-0.5532	2.778873812e-236
-0.5526	3.449140371e-236
-0.552	4.282071927e-236
-0.5514	5.317387478e-236
-0.5508	6.604563785e-236
-0.5502	8.20524715e-236
-0.5496	1.019626495e-235
-0.549	1.26733869e-235
-0.5484	1.575602393e-235
-0.5478	1.959309968e-235
-0.5472	2.437038914e-235
-0.5466	3.031969317e-235
-0.546	3.773031106e-235
-0.5454	4.696339002e-235
-0.5448	5.846987773e-235
-0.5442	7.281298779e-235
-0.5436	9.069631964e-235
-0.543	1.129990647e-234
-0.5424	1.408200951e-234
-0.5418	1.755331904e-234
-0.5412	2.188562315e-234
-0.5406	2.729379181e-234
-0.54	3.404664719e-234
-0.5394	4.248059348e-234
-0.5388	5.3016711e-234
-0.5382	6.618220044e-234
-0.5376	8.263729088e-234
-0.537	1.032090123e-233
-0.5364	1.289335945e-233
-0.5358	1.611097086e-233
-0.5352	2.01365342e-233
-0.5346	2.517418175e-233
-0.534	3.147993804e-233
-0.5334	3.937499206e-233
-0.5328	4.926238506e-233
-0.5322	6.164799769e-233
-0.5316	7.716695142e-233
-0.531	9.661682914e-233
-0.5304	1.209994872e-232
-0.5298	1.515736942e-232
-0.5292	1.89921417e-232
-0.5286	2.380313145e-232
-0.528	2.984039315e-232
-0.5274	3.741842698e-232
-0.5268	4.693289024e-232
-0.5262	5.888166881e-232
-0.5256	7.389145304e-232
-0.525	9.275126474e-232
-0.5244	1.164547646e-231
-0.5238	1.462536535e-231
-0.5232	1.837250945e-231
-0.5226	2.308568588e-231
-0.522	2.901548849e-231
-0.5214	3.647791851e-231
-0.5208	4.587156161e-231
-0.5202	5.769930377e-231
-0.5196	7.259579239e-231
-0.519	9.136217204e-231
-0.5184	1.150100336e-230
-0.5178	1.44817036e-230
-0.5172	1.823973187e-230
-0.5166	2.297906634e-230
-0.516	2.89575427e-230
-0.5154	3.650116229e-230
-0.5148	4.602222477e-230
-0.5142	5.804231396e-230
-0.5136	7.322144367e-230
-0.513	9.239502459e-230
-0.5124	1.166207637e-229
-0.5118	1.472381812e-229
-0.5112	1.859441611e-229
-0.5106	2.348888801e-229
-0.51	2.967976458e-229
-0.5094	3.751256862e-229
-0.5088	4.742548546e-229
-0.5082	5.997436716e-229
-0.5076	7.586452558e-229
-0.507	9.59911687e-229
-0.5064	1.214908446e-228
-0.5058	1.538069082e-228
-0.5052	1.947728557e-228
-0.5046	2.467184353e-228
-0.504	3.126047946e-228
-0.5034	3.961966632e-228
-0.5028	5.022817779e-228
-0.5022	6.369505951e-228
-0.5016	8.079529568e-228
-0.501	1.025153009e-227
-0.5004	1.301109611e-227
-0.4998	1.651817055e-227
-0.4992	2.097650667e-227
-0.4986	2.664574282e-227
-0.498	3.385682592e-227
-0.4974	4.303171787e-227
-0.4968	5.470858177e-227
-0.4962	6.957398096e-227
-0.4956	8.850405573e-227
-0.495	1.126171962e-226
-0.4944	1.433414411e-226
-0.4938	1.825007442e-226
-0.4932	2.324254237e-226
-0.4926	2.960936157e-226
-0.492	3.773124874e-226
-0.4914	4.809504566e-226
-0.4908	6.132348626e-226
-0.4902	7.821336495e-226
-0.4896	9.978449211e-226
-0.489	1.273425042e-225
-0.4884	1.625594741e-225
-0.4878	2.075773961e-225
-0.4872	2.651410799e-225
-0.4866	3.387688592e-225
-0.486	4.329719447e-225
-0.4854	5.53536368e-225
-0.4848	7.078854875e-225
-0.4842	9.055462173e-225
-0.4836	1.158748845e-224
-0.483	1.483198949e-224
-0.4824	1.899071106e-224
-0.4818	2.432288507e-224
-0.4812	3.116171256e-224
-0.4806	3.993560233e-224
-0.48	5.119554597e-224
-0.4794	6.565041317e-224
-0.4788	8.421247306e-224
-0.4782	1.080561231e-223
-0.4776	1.386936809e-223
-0.477	1.780732282e-223
-0.4764	2.287049618e-223
-0.4758	2.938244105e-223
-0.4752	3.7760334e-223
-0.4746	4.85422368e-223
-0.474	6.242234555e-223
-0.4734	8.029658279e-223
-0.4728	1.03321586e-222
-0.4722	1.32991054e-222
-0.4716	1.712345897e-222
-0.471	2.205457113e-222
-0.4704	2.841476915e-222
-0.4698	3.662084739e-222
-0.4692	4.721192811e-222
-0.4686	6.088559083e-222
-0.468	7.854473934e-222
-0.4674	1.01358418e-221
-0.4668	1.308407545e-221
-0.4662	1.689534665e-221
-0.4656	2.182390087e-221
-0.465	2.819935778e-221
-0.4644	3.644919807e-221
-0.4638	4.712800115e-221
-0.4632	6.09554732e-221
-0.4626	7.886592487e-221
-0.462	1.020726677e-220
-0.4614	1.321518559e-220
-0.4608	1.711516819e-220
-0.4602	2.217346414e-220
-0.4596	2.873629452e-220
-0.459	3.72540246e-220
-0.4584	4.831268934e-220
-0.4578	6.267512213e-220
-0.4572	8.133463073e-220
-0.4566	1.055850722e-219
-0.456	1.371123686e-219
-0.4554	1.781140648e-219
-0.4548	2.314555758e-219
-0.4542	3.00874453e-219
-0.4536	3.912475201e-219
-0.453	5.089403516e-219
-0.4524	6.622646343e-219
-0.4518	8.620769268e-219
-0.4512	1.122562806e-218
-0.4506	1.462264165e-218
-0.45	1.90542553e-218
-0.4494	2.483759104e-218
-0.4488	3.238759571e-218
-0.4482	4.224741006e-218
-0.4476	5.51282255e-218
-0.447	7.19616115e-218
-0.4464	9.396824015e-218
-0.4458	1.227481786e-217
-0.4452	1.603995612e-217
-0.4446	2.096746169e-217
-0.444	2.741848869e-217
-0.4434	3.586712363e-217
-0.4428	4.693592503e-217
-0.4422	6.144271837e-217
-0.4416	8.046223387e-217
-0.441	1.054073246e-216
-0.4404	1.381360251e-216
-0.4398	1.810927232e-216
-0.4392	2.374943848e-216
-0.4386	3.115763015e-216
-0.438	4.089165056e-216
-0.4374	5.368641968e-216
-0.4368	7.051057403e-216
-0.4362	9.264126913e-216
-0.4356	1.217630762e-215
-0.435	1.60098783e-215
-0.4344	2.105824574e-215
-0.4338	2.77088515e-215
-0.4332	3.647350309e-215
-0.4326	4.802855121e-215
-0.432	6.32681296e-215
-0.4314	8.337473172e-215
-0.4308	1.099128058e-214
-0.4302	1.449529235e-214
-0.4296	1.91236573e-214
-0.429	2.523949536e-214
-0.4284	3.332395789e-214
-0.4278	4.401484099e-214
-0.4272	5.815791192e-214
-0.4266	7.687516142e-214
-0.426	1.016555991e-213
-0.4254	1.344760858e-213
-0.4248	1.77962202e-213
-0.4242	2.356025061e-213
-0.4236	3.120340101e-213
-0.423	4.13422703e-213
-0.4224	5.479709648e-213
-0.4218	7.265944604e-213
-0.4212	9.638254824e-213
-0.4206	1.279018987e-212
-0.42	1.6979634e-212
-0.4194	2.255032919e-212
-0.4188	2.996064512e-212
-0.4182	3.982205193e-212
-0.4176	5.295058913e-212
-0.417	7.043574902e-212
-0.4164	9.373270485e-212
-0.4158	1.247858462e-211
-0.4152	1.661943174e-211
-0.4146	2.214339331e-211
-0.414	2.951547936e-211
-0.4134	3.935805916e-211
-0.4128	5.250445791e-211
-0.4122	7.007092691e-211
-0.4116	9.355332652e-211
-0.411	1.249570624e-210
-0.4104	1.669717862e-210
-0.4098	2.232063827e-210
-0.4092	2.985051814e-210
-0.4086	3.9937365e-210
-0.408	5.345517214e-210
-0.4074	7.157862866e-210
-0.4068	9.588724893e-210
-0.4062	1.285057961e-209
-0.4056	1.722937322e-209
-0.405	2.311009229e-209
-0.4044	3.101129167e-209
-0.4038	4.163173831e-209
-0.4032	5.59134498e-209
-0.4026	7.512692786e-209
-0.402	1.009864519e-208
-0.4014	1.358061037e-208
-0.4008	1.827110048e-208
-0.4002	2.459234352e-208
-0.3996	3.311505468e-208
-0.399	4.461099842e-208
-0.3984	6.012427828e-208
-0.3978	8.106807087e-208
-0.3972	1.093559442e-207
-0.3966	1.475802059e-207
-0.396	1.992542348e-207
-0.3954	2.691418987e-207
-0.3948	3.637055614e-207
-0.3942	4.917156458e-207
-0.3936	6.650803981e-207
-0.393	8.999759146e-207
-0.3924	1.2183858e-206
-0.3918	1.650199917e-206
-0.3912	2.236076586e-206
-0.3906	3.031347753e-206
-0.39	4.111349689e-206
-0.3894	5.578702994e-206
-0.3888	7.573259392e-206
-0.3882	1.028569863e-205
-0.3876	1.397612372e-205
-0.387	1.899950404e-205
-0.3864	2.584050464e-205
-0.3858	3.516118716e-205
-0.3852	4.78663706e-205
-0.3846	6.519323289e-205
-0.384	8.883420285e-205
-0.3834	1.211055927e-204
-0.3828	1.651791077e-204
-0.3822	2.25399833e-204
-0.3816	3.077232112e-204
-0.381	4.203158337e-204
-0.3804	5.74381858e-204
-0.3798	7.853003464e-204
-0.3792	1.074191276e-203
-0.3786	1.470072857e-203
-0.378	2.012834902e-203
-0.3774	2.75733899e-203
-0.3768	3.779075244e-203
-0.3762	5.181970623e-203
-0.3756	7.109172433e-203
-0.375	9.757948249e-203
-0.3744	1.340028402e-202
-0.3738	1.841137399e-202
-0.3732	2.530904604e-202
-0.3726	3.480834788e-202
-0.372	4.789716256e-202
-0.3714	6.594100909e-202
-0.3708	9.082836708e-202
-0.3702	1.251722997e-201
-0.3696	1.725903297e-201
-0.369	2.380931419e-201
-0.3684	3.286247103e-201
-0.3678	4.53813231e-201
-0.3672	6.270156874e-201
-0.3666	8.667716274e-201
-0.366	1.198827534e-200
-0.3654	1.658957239e-200
-0.3648	2.29689349e-200
-0.3642	3.181811369e-200
-0.3636	4.409980179e-200
-0.363	6.115447099e-200
-0.3624	8.484961839e-200
-0.3618	1.17788371e-199
-0.3612	1.636012144e-199
-0.3606	2.273541896e-199
-0.36	3.161203696e-199
-0.3594	4.397803641e-199
-0.3588	6.121442565e-199
-0.3582	8.525249053e-199
-0.3576	1.187945419e-198
-0.357	1.656238144e-198
-0.3564	2.310397644e-198
-0.3558	3.224698489e-198
-0.3552	4.503298186e-198
-0.3546	6.292341543e-198
-0.354	8.797001171e-198
-0.3534	1.230548064e-197
-0.3528	1.722284435e-197
-0.3522	2.411872436e-197
-0.3516	3.379463467e-197
-0.351	4.737900629e-197
-0.3504	6.646143587e-197
-0.3498	9.328243754e-197
-0.3492	1.310018004e-196
-0.3486	1.840783347e-196
-0.348	2.588075548e-196
-0.3474	3.640834289e-196
-0.3468	5.124782051e-196
-0.3462	7.217740286e-196
-0.3456	1.017136659e-195
-0.345	1.434202303e-195
-0.3444	2.023463744e-195
-0.3438	2.856506373e-195
-0.3432	4.034879651e-195
-0.3426	5.702725341e-195
-0.342	8.064764219e-195
-0.3414	1.141193047e-194
-0.3408	1.61579276e-194
-0.3402	2.289139079e-194
-0.3396	3.245036358e-194
-0.339	4.602870021e-194
-0.3384	6.532817203e-194
-0.3378	9.27760443e-194
-0.3372	1.318364958e-193
-0.3366	1.874566333e-193
-0.336	2.66705671e-193
-0.3354	3.796915053e-193
-0.3348	5.408758953e-193
-0.3342	7.70962787e-193
-0.3336	1.099611262e-192
-0.333	1.569335697e-192
-0.3324	2.24111623e-192
-0.3318	3.202474694e-192
-0.3312	4.579106902e-192
-0.3306	6.551648128e-192
-0.33	9.379852601e-192
-0.3294	1.343748821e-191
-0.3288	1.926272758e-191
-0.3282	2.763096481e-191
-0.3276	3.966010669e-191
-0.327	5.69629214e-191
-0.3264	8.186762091e-191
-0.3258	1.177374489e-190
-0.3252	1.694340182e-190
-0.3246	2.439895041e-190
-0.324	3.515824884e-190
-0.3234	5.069555734e-190
-0.3228	7.314761435e-190
-0.3222	1.056134082e-189
-0.3216	1.5259054e-189
-0.321	2.20610847e-189
-0.3204	3.191669104e-189
-0.3198	4.620634887e-189
-0.3192	6.693901201e-189
-0.3186	9.704023889e-189
-0.318	1.407733343e-188
-0.3174	2.043553405e-188
-0.3168	2.96858658e-188
-0.3162	4.31531662e-188
-0.3156	6.277343886e-188
-0.315	9.137777542e-188
-0.3144	1.331091006e-187
-0.3138	1.940343109e-187
-0.3132	2.830440612e-187
-0.3126	4.131763094e-187
-0.312	6.035645928e-187
-0.3114	8.8230798e-187
-0.3108	1.290701779e-186
-0.3102	1.889478716e-186
-0.3096	2.768022685e-186
-0.309	4.057980809e-186
-0.3084	5.953388164e-186
-0.3078	8.740443061e-186
-0.3072	1.284159328e-185
-0.3066	1.888085996e-185
-0.306	2.778070221e-185
-0.3054	4.090575864e-185
-0.3048	6.027631186e-185
-0.3042	8.888553446e-185
-0.3036	1.31171329e-184
-0.303	1.937186291e-184
-0.3024	2.863055207e-184
-0.3018	4.234627003e-184
-0.3012	6.267999474e-184
-0.3006	9.284795438e-184
-0.3	1.376406092e-183
-0.2994	2.041986918e-183
-0.2988	3.031745349e-183
-0.2982	4.504713339e-183
-0.2976	6.698499985e-183
-0.297	9.968394517e-183
-0.2964	1.484606753e-182
-0.2958	2.212776303e-182
-0.2952	3.300690282e-182
-0.2946	4.927362834e-182
-0.294	7.36153108e-182
-0.2934	1.100694847e-181
-0.2928	1.647070696e-181
-0.2922	2.466638045e-181
-0.2916	3.696986387e-181
-0.291	5.545502277e-181
-0.2904	8.325032036e-181
-0.2898	1.250789751e-180
-0.2892	1.880777773e-180
-0.2886	2.830393545e-180
-0.288	4.262984451e-180
-0.2874	6.425984489e-180
-0.2868	9.69451362e-180
-0.2862	1.463774714e-179
-0.2856	2.212003263e-179
-0.285	3.34550779e-179
-0.2844	5.064126526e-179
-0.2838	7.672108573e-179
-0.2832	1.163306355e-178
-0.2826	1.765404039e-178
-0.282	2.681428877e-178
-0.2814	4.076262127e-178
-0.2808	6.202019032e-178
-0.2802	9.444539282e-178
-0.2796	1.439483475e-177
-0.279	2.195898967e-177
-0.2784	3.352735863e-177
-0.2778	5.123529013e-177
-0.2772	7.83652463e-177
-0.2766	1.199675605e-176
-0.276	1.838195768e-176
-0.2754	2.819089754e-176
-0.2748	4.327298546e-176
-0.2742	6.648401606e-176
-0.2736	1.02237846e-175
-0.273	1.573627117e-175
-0.2724	2.424316473e-175
-0.2718	3.738314135e-175
-0.2712	5.769828953e-175
-0.2706	8.913585352e-175
-0.27	1.378306952e-174
-0.2694	2.133266897e-174
-0.2688	3.304850961e-174
-0.2682	5.124691417e-174
-0.2676	7.954162256e-174
-0.267	1.235759047e-173
-0.2664	1.921708578e-173
-0.2658	2.991282283e-173
-0.2652	4.660635962e-173
-0.2646	7.268631677e-173
-0.264	1.134701518e-172
-0.2634	1.773102775e-172
-0.2628	2.77339227e-172
-0.2622	4.34225816e-172
-0.2616	6.805323396e-172
-0.261	1.067609767e-171
-0.2604	1.676520294e-171
-0.2598	2.635357115e-171
-0.2592	4.146736175e-171
-0.2586	6.531478605e-171
-0.258	1.029809032e-170
-0.2574	1.625338766e-170
-0.2568	2.567881852e-170
-0.2562	4.061178503e-170
-0.2556	6.429496707e-170
-0.255	1.018947273e-169
-0.2544	1.616509518e-169
-0.2538	2.567193726e-169
-0.2532	4.081265565e-169
-0.2526	6.495146173e-169
-0.252	1.0347678e-168
-0.2514	1.650284563e-168
-0.2508	2.634746224e-168
-0.2502	4.210996166e-168
-0.2496	6.737504946e-168
-0.249	1.079154563e-167
-0.2484	1.730376587e-167
-0.2478	2.777615771e-167
-0.2472	4.463550147e-167
-0.2466	7.180712532e-167
-0.246	1.156473579e-166
-0.2454	1.864606243e-166
-0.2448	3.009705518e-166
-0.2442	4.863495843e-166
-0.2436	7.867975598e-166
-0.243	1.274293953e-165
-0.2424	2.066191974e-165
-0.2418	3.354041487e-165
-0.2412	5.450862163e-165
-0.2406	8.868767976e-165
-0.24	1.444657971e-164
-0.2394	2.355986404e-164
-0.2388	3.846704975e-164
-0.2382	6.288046036e-164
-0.2376	1.029095486e-163
-0.237	1.686208096e-163
-0.2364	2.766206704e-163
-0.2358	4.543374054e-163
-0.2352	7.471283596e-163
-0.2346	1.23009114e-162
-0.234	2.0277163e-162
-0.2334	3.346627988e-162
-0.2328	5.530196429e-162
-0.2322	9.149747177e-162
-0.2316	1.51570824e-161
-0.231	2.513985054e-161
-0.2304	4.1749659e-161
-0.2298	6.942069428e-161
-0.2292	1.155775243e-160
-0.2286	1.926676903e-160
-0.228	3.215867426e-160
-0.2274	5.374571141e-160
-0.2268	8.993912119e-160
-0.2262	1.507007238e-159
-0.2256	2.528405119e-159
-0.225	4.24761726e-159
-0.2244	7.145198111e-159
-0.2238	1.203527902e-158
-0.2232	2.029896391e-158
-0.2226	3.428232343e-158
-0.222	5.797598856e-158
-0.2214	9.817716918e-158
-0.2208	1.664792796e-157
-0.2202	2.826832929e-157
-0.2196	4.806548405e-157
-0.219	8.183944931e-157
-0.2184	1.395376075e-156
-0.2178	2.382440487e-156
-0.2172	4.073409796e-156
-0.2166	6.974329524e-156
-0.216	1.195799107e-155
-0.2154	2.053186953e-155
-0.2148	3.530338972e-155
-0.2142	6.078901574e-155
-0.2136	1.048232901e-154
-0.213	1.810162787e-154
-0.2124	3.130457943e-154
-0.2118	5.42165349e-154
-0.2112	9.403565557e-154
-0.2106	1.633403823e-153
-0.21	2.841437531e-153
-0.2094	4.950277405e-153
-0.2088	8.637164917e-153
-0.2082	1.509268594e-152
-0.2076	2.641307278e-152
-0.207	4.629476026e-152
-0.2064	8.126597369e-152
-0.2058	1.428739791e-151
-0.2052	2.515756234e-151
-0.2046	4.436684529e-151
-0.204	7.83658226e-151
-0.2034	1.38636188e-150
-0.2028	2.456472577e-150
-0.2022	4.359496133e-150
-0.2016	7.749138624e-150
-0.201	1.379644013e-149
-0.2004	2.460259279e-149
-0.1998	4.394391254e-149
-0.1992	7.861843203e-149
-0.1986	1.408840036e-148
-0.198	2.528800153e-148
-0.1974	4.546600009e-148
-0.1968	8.188084778e-148
-0.1962	1.477084068e-147
-0.1956	2.669066461e-147
-0.195	4.831131669e-147
-0.1944	8.759467875e-147
-0.1938	1.590926161e-146
-0.1932	2.894475567e-146
-0.1926	5.275230828e-146
-0.192	9.630945941e-146
-0.1914	1.761394093e-145
-0.1908	3.22707076e-145
-0.1902	5.922827532e-145
-0.1896	1.08898688e-144
-0.189	2.005827233e-144
-0.1884	3.701230232e-144
-0.1878	6.842027294e-144
-0.1872	1.267109321e-143
-0.1866	2.350923213e-143
-0.186	4.369808537e-143
-0.1854	8.137491465e-143
-0.1848	1.518194662e-142
-0.1842	2.837773914e-142
-0.1836	5.314301889e-142
-0.183	9.9709713e-142
-0.1824	1.874374131e-141
-0.1818	3.530266274e-141
-0.1812	6.661865285e-141
-0.1806	1.259581588e-140
-0.18	2.386183018e-140
-0.1794	4.529321429e-140
-0.1788	8.614289715e-140
-0.1782	1.641601664e-139
-0.1776	3.134607372e-139
-0.177	5.997506073e-139
-0.1764	1.149835162e-138
-0.1758	2.208935446e-138
-0.1752	4.252244857e-138
-0.1746	8.202506834e-138
-0.174	1.585526017e-137
-0.1734	3.07117076e-137
-0.1728	5.961338806e-137
-0.1722	1.159573738e-136
-0.1716	2.26033694e-136
-0.171	4.415438187e-136
-0.1704	8.643823026e-136
-0.1698	1.69580151e-135
-0.1692	3.334164123e-135
-0.1686	6.569729618e-135
-0.168	1.297365645e-134
-0.1674	2.567660056e-134
-0.1668	5.093060091e-134
-0.1662	1.012493349e-133
-0.1656	2.017361241e-133
-0.165	4.028648196e-133
-0.1644	8.063531902e-133
-0.1638	1.617661815e-132
-0.1632	3.252766153e-132
-0.1626	6.555818299e-132
-0.162	1.324391124e-131
-0.1614	2.681805562e-131
-0.1608	5.443352072e-131
-0.1602	1.107490914e-130
-0.1596	2.258681944e-130
-0.159	4.617615427e-130
-0.1584	9.463131622e-130
-0.1578	1.944075681e-129
-0.1572	4.00368044e-129
-0.1566	8.26571529e-129
-0.156	1.710736731e-128
-0.1554	3.549560532e-128
-0.1548	7.383489969e-128
-0.1542	1.539754837e-127
-0.1536	3.219225525e-127
-0.153	6.747896008e-127
-0.1524	1.418109583e-126
-0.1518	2.988016416e-126
-0.1512	6.312412218e-126
-0.1506	1.337070739e-125
-0.15	2.839668339e-125
-0.1494	6.047037533e-125
-0.1488	1.291181205e-124
-0.1482	2.764451396e-124
-0.1476	5.934932266e-124
-0.147	1.277660605e-123
-0.1464	2.758138844e-123
-0.1458	5.970705546e-123
-0.1452	1.296140822e-122
-0.1446	2.82165492e-122
-0.144	6.160117968e-122
-0.1434	1.348701666e-121
-0.1428	2.961371457e-121
-0.1422	6.5212143e-121
-0.1416	1.440227819e-120
-0.141	3.190139502e-120
-0.1404	7.087166046e-120
-0.1398	1.579169583e-119
-0.1392	3.529287318e-119
-0.1386	7.911453463e-119
-0.138	1.778875571e-118
-0.1374	4.012028323e-118
-0.1368	9.076548078e-118
-0.1362	2.05979973e-117
-0.1356	4.689064279e-117
-0.135	1.070813177e-116
-0.1344	2.453110265e-116
-0.1338	5.637750752e-116
-0.1332	1.299839693e-115
-0.1326	3.006620459e-115
-0.132	6.977216022e-115
-0.1314	1.62446524e-114
-0.1308	3.794664659e-114
-0.1302	8.893674527e-114
-0.1296	2.091433812e-113
-0.129	4.934832157e-113
-0.1284	1.168359279e-112
-0.1278	2.775662713e-112
-0.1272	6.61688834e-112
-0.1266	1.582881602e-111
-0.126	3.799805238e-111
-0.1254	9.153841494e-111
-0.1248	2.213021047e-110
-0.1242	5.369314743e-110
-0.1236	1.307418108e-109
-0.123	3.195094406e-109
-0.1224	7.836782763e-109
-0.1218	1.929248995e-108
-0.1212	4.767016604e-108
-0.1206	1.182291587e-107
-0.12	2.943295269e-107
-0.1194	7.355059832e-107
-0.1188	1.844988566e-106
-0.1182	4.645883204e-106
-0.1176	1.174416613e-105
-0.117	2.980352451e-105
-0.1164	7.593062285e-105
-0.1158	1.942149477e-104
-0.1152	4.987435076e-104
-0.1146	1.285918473e-103
-0.114	3.328924598e-103
-0.1134	8.652900197e-103
-0.1128	2.258393513e-102
-0.1122	5.918761015e-102
-0.1116	1.557644823e-101
-0.111	4.116477974e-101
-0.1104	1.092486985e-100
-0.1098	2.911745107e-100
-0.1092	7.793824764e-100
-0.1086	2.095182295e-99
-0.108	5.656928481e-99
-0.1074	1.534055792e-98
-0.1068	4.178469305e-98
-0.1062	1.143201996e-97
-0.1056	3.141757272e-97
-0.105	8.673222371e-97
-0.1044	2.405253908e-96
-0.1038	6.700827941e-96
-0.1032	1.875416294e-95
-0.1026	5.27330959e-95
-0.102	1.489704045e-94
-0.1014	4.228270263e-94
-0.1008	1.205831025e-93
-0.1002	3.45530342e-93
-0.0996	9.948946169e-93
-0.099	2.87855376e-92
-0.0984	8.369379886e-92
-0.0978	2.445396398e-91
-0.0972	7.180550848e-91
-0.0966	2.11901627e-90
-0.096	6.284843328e-90
-0.0954	1.873500972e-89
-0.0948	5.613431445e-89
-0.0942	1.690572296e-88
-0.0936	5.117828682e-88
-0.093	1.557400502e-87
-0.0924	4.764237394e-87
-0.0918	1.465146263e-86
-0.0912	4.529800767e-86
-0.0906	1.408003741e-85
-0.09	4.400187556e-85
-0.0894	1.382602518e-84
-0.0888	4.368158517e-84
-0.0882	1.387683585e-83
-0.0876	4.432917489e-83
-0.087	1.424006896e-82
-0.0864	4.600169994e-82
-0.0858	1.494483352e-81
-0.0852	4.882921349e-81
-0.0846	1.604559447e-80
-0.084	5.303166512e-80
-0.0834	1.762925466e-79
-0.0828	5.894780859e-79
-0.0822	1.982677611e-78
-0.0816	6.708151478e-78
-0.081	2.283155126e-77
-0.0804	7.817450294e-77
-0.0798	2.692819164e-76
-0.0792	9.33204112e-76
-0.0786	3.253781264e-75
-0.078	1.141450247e-74
-0.0774	4.028997444e-74
-0.0768	1.430943833e-73
-0.0762	5.113847039e-73
-0.0756	1.839018574e-72
-0.075	6.655046856e-72
-0.0744	2.423571295e-71
-0.0738	8.882043062e-71
-0.0732	3.275930472e-70
-0.0726	1.215998769e-69
-0.072	4.542759562e-69
-0.0714	1.708069573e-68
-0.0708	6.463996119e-68
-0.0702	2.462160435e-67
-0.0696	9.439756196e-67
-0.069	3.642866097e-66
-0.0684	1.415050134e-65
-0.0678	5.532916747e-65
-0.0672	2.177694254e-64
-0.0666	8.627920426e-64
-0.066	3.441018308e-63
-0.0654	1.381477314e-62
-0.0648	5.583156754e-62
-0.0642	2.271420589e-61
-0.0636	9.302470663e-61
-0.063	3.835149624e-60
-0.0624	1.591653899e-59
-0.0618	6.649593851e-59
-0.0612	2.796522316e-58
-0.0606	1.183895297e-57
-0.06	5.045147083e-57
-0.0594	2.164173396e-56
-0.0588	9.344552205e-56
-0.0582	4.061271048e-55
-0.0576	1.776599407e-54
-0.057	7.822151504e-54
-0.0564	3.466212783e-53
-0.0558	1.545814957e-52
-0.0552	6.937641657e-52
-0.0546	3.133247802e-51
-0.054	1.423902117e-50
-0.0534	6.510876358e-50
-0.0528	2.995307228e-49
-0.0522	1.38628255e-48
-0.0516	6.454066574e-48
-0.051	3.022359563e-47
-0.0504	1.423463146e-46
-0.0498	6.741967842e-46
-0.0492	3.21082615e-45
-0.0486	1.537383031e-44
-0.048	7.399869824e-44
-0.0474	3.579976176e-43
-0.0468	1.740536927e-42
-0.0462	8.502797087e-42
-0.0456	4.172914614e-41
-0.045	2.057003066e-40
-0.0444	1.018266761e-39
-0.0438	5.060895462e-39
-0.0432	2.524844487e-38
-0.0426	1.264095067e-37
-0.042	6.34969495e-37
-0.0414	3.199173229e-36
-0.0408	1.6162609e-35
-0.0402	8.185478299e-35
-0.0396	4.154304834e-34
-0.039	2.112173811e-33
-0.0384	1.075438076e-32
-0.0378	5.48157028e-32
-0.0372	2.795885267e-31
-0.0366	1.426430915e-30
-0.036	7.276330833e-30
-0.0354	3.709440334e-29
-0.0348	1.889004385e-28
-0.0342	9.604408807e-28
-0.0336	4.872991879e-27
-0.033	2.465879926e-26
-0.0324	1.243805292e-25
-0.0318	6.249987253e-25
-0.0312	3.126675732e-24
-0.0306	1.556262003e-23
-0.03	7.701692007e-23
-0.0294	3.786941092e-22
-0.0288	1.848728518e-21
-0.0282	8.953869921e-21
-0.0276	4.298924616e-20
-0.027	2.044400758e-19
-0.0264	9.621935678e-19
-0.0258	4.477848615e-18
-0.0252	2.058706867e-17
-0.0246	9.341845983e-17
-0.024	4.179904332e-16
-0.0234	1.842321346e-15
-0.0228	7.990750826e-15
-0.0222	3.4070523e-14
-0.0216	1.426505009e-13
-0.021	5.858605142e-13
-0.0204	2.357512894e-12
-0.0198	9.284430588e-12
-0.0192	3.574298698e-11
-0.0186	1.343523147e-10
-0.018	4.92486984e-10
-0.0174	1.75836617e-09
-0.0168	6.107347672e-09
-0.0162	2.061027492e-08
-0.0156	6.749292702e-08
-0.015	2.142048822e-07
-0.0144	6.580358283e-07
-0.0138	1.954212924e-06
-0.0132	5.603400814e-06
-0.0126	1.549344943e-05
-0.012	4.125968383e-05
-0.0114	0.0001056956449
-0.0108	0.0002601494849
-0.0102	0.0006144914597
-0.0096	0.00139136489
-0.009	0.003016607142
-0.0084	0.006255846322
-0.0078	0.01239649358
-0.0072	0.02344950598
-0.0066	0.04230481
-0.006	0.07272614802
-0.0054	0.119038088
-0.0048	0.1853759476
-0.0042	0.2744731525
-0.0036	0.3861563714
-0.003	0.5159568117
-0.0024	0.6544155353
-0.0018	0.7876288071
-0.0012	0.8992700882
-0.0006	0.973795911
0	1
0.0006	0.9485154766
0.0012	0.8097884301
0.0018	0.6230998641
0.0024	0.4330572215
0.003	0.2726577519
0.0036	0.156086657
0.0042	0.08159177641
0.0048	0.03913266009
0.0054	0.01731011735
0.006	0.007100878952
0.0066	0.002716704135
0.0072	0.0009749841727
0.0078	0.0003301308333
0.0084	0.0001060678405
0.009	3.251658912e-05
0.0096	9.562676558e-06
0.0102	2.711648648e-06
0.0108	7.450338301e-07
0.0114	1.992461261e-07
0.012	5.208656447e-08
0.0126	1.336286727e-08
0.0132	3.376710049e-09
0.0138	8.432541219e-10
0.0144	2.08745287e-10
0.015	5.136522716e-11
0.0156	1.259508473e-11
0.0162	3.084525688e-12
0.0168	7.559714767e-13
0.0174	1.857513463e-13
0.018	4.583113941e-14
0.0186	1.137113645e-14
0.0192	2.840538372e-15
0.0198	7.151928717e-16
0.0204	1.816698268e-16
0.021	4.659462987e-17
0.0216	1.207505102e-17
0.0222	3.1637629e-18
0.0228	8.384984475e-19
0.0234	2.248896116e-19
0.024	6.106022827e-20
0.0246	1.678779235e-20
0.0252	4.674911645e-21
0.0258	1.318783542e-21
0.0264	3.769200661e-22
0.027	1.091535788e-22
0.0276	3.203030997e-23
0.0282	9.524149318e-24
0.0288	2.869645652e-24
0.0294	8.760960075e-25
0.03	2.710012952e-25
0.0306	8.492859282e-26
0.0312	2.696242244e-26
0.0318	8.670410625e-27
0.0324	2.82386715e-27
0.033	9.313571115e-28
0.0336	3.110249973e-28
0.0342	1.051520953e-28
0.0348	3.598470619e-29
0.0354	1.246312686e-29
0.036	4.367922943e-30
0.0366	1.548782082e-30
0.0372	5.555210445e-31
0.0378	2.015265569e-31
0.0384	7.392849425e-32
0.039	2.741985996e-32
0.0396	1.028059723e-32
0.0402	3.895805577e-33
0.0408	1.491861095e-33
0.0414	5.772161506e-34
0.042	2.256081904e-34
0.0426	8.906468239e-35
0.0432	3.55074235e-35
0.0438	1.429306197e-35
0.0444	5.808369628e-36
0.045	2.382524414e-36
0.0456	9.862950991e-37
0.0462	4.119988938e-37
0.0468	1.736357599e-37
0.0474	7.381958208e-38
0.048	3.165407971e-38
0.0486	1.368834666e-38
0.0492	5.968622053e-39
0.0498	2.623847716e-39
0.0504	1.1627475e-39
0.051	5.193454373e-40
0.0516	2.337729785e-40
0.0522	1.060335825e-40
0.0528	4.845614072e-41
0.0534	2.230779604e-41
0.054	1.034461216e-41
0.0546	4.83136396e-42
0.0552	2.272336326e-42
0.0558	1.076150749e-42
0.0564	5.131243076e-43
0.057	2.463050698e-43
0.0576	1.190086908e-43
0.0582	5.78752385e-44
0.0588	2.832506117e-44
0.0594	1.39498307e-44
0.06	6.912641e-45
0.0606	3.446306512e-45
0.0612	1.728452059e-45
0.0618	8.719947437e-46
0.0624	4.424700354e-46
0.063	2.258023819e-46
0.0636	1.158803523e-46
0.0642	5.979852644e-47
0.0648	3.102659061e-47
0.0654	1.618470463e-47
0.066	8.487262348e-48
0.0666	4.473920747e-48
0.0672	2.370462749e-48
0.0678	1.262319313e-48
0.0684	6.755605455e-49
0.069	3.633177793e-49
0.0696	1.963384424e-49
0.0702	1.066080404e-49
0.0708	5.815816885e-50
0.0714	3.187413708e-50
0.072	1.75486809e-50
0.0726	9.705117309e-51
0.0732	5.391130753e-51
0.0738	3.007840018e-51
0.0744	1.685384311e-51
0.075	9.483891373e-52
0.0756	5.359103834e-52
0.0762	3.040820632e-52
0.0768	1.732439183e-52
0.0774	9.909910988e-53
0.078	5.691182667e-53
0.0786	3.281203846e-53
0.0792	1.899062021e-53
0.0798	1.103311372e-53
0.0804	6.434106206e-54
0.081	3.766067689e-54
0.0816	2.21246679e-54
0.0822	1.304468233e-54
0.0828	7.718592375e-55
0.0834	4.583219644e-55
0.084	2.730936971e-55
0.0846	1.632833698e-55
0.0852	9.795862469e-56
0.0858	5.896514403e-56
0.0864	3.561081e-56
0.087	2.157666465e-56
0.0876	1.311551127e-56
0.0882	7.997741883e-57
0.0888	4.89230903e-57
0.0894	3.001982177e-57
0.09	1.847709724e-57
0.0906	1.140708684e-57
0.0912	7.063425311e-58
0.0918	4.386721682e-58
0.0924	2.732333409e-58
0.093	1.706794453e-58
0.0936	1.069222176e-58
0.0942	6.71706313e-59
0.0948	4.231568895e-59
0.0954	2.673129073e-59
0.096	1.693250513e-59
0.0966	1.075453778e-59
0.0972	6.848859014e-60
0.0978	4.373081399e-60
0.0984	2.799541325e-60
0.099	1.796815677e-60
0.0996	1.156178901e-60
0.1002	7.45828819e-61
0.1008	4.823184001e-61
0.1014	3.126778958e-61
0.102	2.031971125e-61
0.1026	1.323681169e-61
0.1032	8.643376706e-62
0.1038	5.65726534e-62
0.1044	3.711434068e-62
0.105	2.440496857e-62
0.1056	1.608442099e-62
0.1062	1.062460578e-62
0.1068	7.033801879e-63
0.1074	4.666886155e-63
0.108	3.103230685e-63
0.1086	2.06795391e-63
0.1092	1.381013419e-63
0.1098	9.242206038e-64
0.1104	6.198187281e-64
0.111	4.165391062e-64
0.1116	2.805044651e-64
0.1122	1.892812944e-64
0.1128	1.279825256e-64
0.1134	8.670816305e-65
0.114	5.886091678e-65
0.1146	4.003532028e-65
0.1152	2.728352527e-65
0.1158	1.862903322e-65
0.1164	1.274396844e-65
0.117	8.734450562e-66
0.1176	5.997567429e-66
0.1182	4.125870132e-66
0.1188	2.84347337e-66
0.1194	1.963217482e-66
0.12	1.357893906e-66
0.1206	9.408796878e-67
0.1212	6.530793052e-67
0.1218	4.541027957e-67
0.1224	3.162946169e-67
0.123	2.206845044e-67
0.1236	1.542365957e-67
0.1242	1.079771361e-67
0.1248	7.571785147e-68
0.1254	5.318391157e-68
0.126	3.741719992e-68
0.1266	2.636725351e-68
0.1272	1.861036015e-68
0.1278	1.315632787e-68
0.1284	9.31533469e-69
0.129	6.606022075e-69
0.1296	4.691949807e-69
0.1302	3.337586646e-69
0.1308	2.377780424e-69
0.1314	1.696544202e-69
0.132	1.212291742e-69
0.1326	8.675450265e-70
0.1332	6.217478007e-70
0.1338	4.462398631e-70
0.1344	3.207369005e-70
0.135	2.308610173e-70
0.1356	1.664056684e-70
0.1362	1.201147241e-70
0.1368	8.682201341e-71
0.1374	6.284400392e-71
0.138	4.555050633e-71
0.1386	3.306077113e-71
0.1392	2.402803517e-71
0.1398	1.748655305e-71
0.1404	1.274283475e-71
0.141	9.298203818e-72
0.1416	6.793578156e-72
0.1422	4.97004116e-72
0.1428	3.64064838e-72
0.1434	2.670240194e-72
0.144	1.960967148e-72
0.1446	1.44189724e-72
0.1452	1.061543914e-72
0.1458	7.824867483e-73
0.1464	5.77493566e-73
0.147	4.267212303e-73
0.1476	3.156924177e-73
0.1482	2.338313616e-73
0.1488	1.734027683e-73
0.1494	1.287419121e-73
0.15	9.569529612e-74
0.1506	7.121377768e-74
0.1512	5.305623062e-74
0.1518	3.957344639e-74
0.1524	2.955035429e-74
0.153	2.209068142e-74
0.1536	1.653253467e-74
0.1542	1.238654058e-74
0.1548	9.290461002e-75
0.1554	6.975857112e-75
0.156	5.243574387e-75
0.1566	3.945693479e-75
0.1572	2.972226175e-75
0.1578	2.241297716e-75
0.1584	1.691893601e-75
0.159	1.27849493e-75
0.1596	9.671061169e-76
0.1602	7.323102917e-76
0.1608	5.550841133e-76
0.1614	4.211743465e-76
0.162	3.198904761e-76
0.1626	2.432057645e-76
0.1632	1.850872379e-76
0.1638	1.409957668e-76
0.1644	1.075126655e-76
0.165	8.20604962e-77
0.1656	6.269409415e-77
0.1662	4.794398944e-77
0.1668	3.669896715e-77
0.1674	2.811789282e-77
0.168	2.156344317e-77
0.1686	1.655224989e-77
0.1692	1.271735392e-77
0.1698	9.779902325e-78
0.1704	7.52779145e-78
0.171	5.799535838e-78
0.1716	4.472072252e-78
0.1722	3.451530001e-78
0.1728	2.666239357e-78
0.1734	2.061430322e-78
0.174	1.595209236e-78
0.1746	1.235502346e-78
0.1752	9.577317726e-79
0.1758	7.43046721e-79
0.1764	5.769760452e-79
0.177	4.484008525e-79
0.1776	3.487704162e-79
0.1782	2.715032377e-79
0.1788	2.115291252e-79
0.1794	1.649387761e-79
0.18	1.287153866e-79
0.1806	1.005289066e-79
0.1812	7.857817948e-80
0.1818	6.14697169e-80
0.1824	4.812452631e-80
0.183	3.770643788e-80
0.1836	2.956692299e-80
0.1842	2.320257364e-80
0.1848	1.822231029e-80
0.1854	1.432207111e-80
0.186	1.126525968e-80
0.1866	8.867628374e-81
0.1872	6.98558174e-81
0.1878	5.507118635e-81
0.1884	4.344812156e-81
0.189	3.430364554e-81
0.1896	2.710380376e-81
0.1902	2.143082675e-81
0.1908	1.695759874e-81
0.1914	1.342779134e-81
0.192	1.064039338e-81
0.1926	8.437654608e-82
0.1932	6.695682739e-82
0.1938	5.317104277e-82
0.1944	4.22533176e-82
0.195	3.360082438e-82
0.1956	2.673872572e-82
0.1962	2.129272886e-82
0.1968	1.696758332e-82
0.1974	1.353022216e-82
0.198	1.079653437e-82
0.1986	8.620978761e-83
0.1992	6.888422969e-83
0.1998	5.507726268e-83
0.2004	4.406689982e-83
0.201	3.528081187e-83
0.2016	2.826499363e-83
0.2022	2.26590556e-83
0.2028	1.817672626e-83
0.2034	1.45904554e-83
0.204	1.171924766e-83
0.2046	9.419041699e-84
0.2052	7.575097415e-84
0.2058	6.095967824e-84
0.2064	4.908722605e-84
0.207	3.955160833e-84
0.2076	3.18880605e-84
0.2082	2.572520477e-84
0.2088	2.07660954e-84
0.2094	1.67731497e-84
0.21	1.355616019e-84
0.2106	1.096275178e-84
0.2112	8.87078046e-85
0.2118	7.182274448e-85
0.2124	5.818601867e-85
0.213	4.716614108e-85
0.2136	3.82556598e-85
0.2142	3.104654633e-85
0.2148	2.521051717e-85
0.2154	2.048328926e-85
0.216	1.665197538e-85
0.2166	1.354498682e-85
0.2172	1.102393986e-85
0.2178	8.977164296e-86
0.2184	7.314493862e-86
0.219	5.963082853e-86
0.2196	4.86404478e-86
0.2202	3.969749959e-86
0.2208	3.241651544e-86
0.2214	2.648535656e-86
0.222	2.165112055e-86
0.2226	1.770878407e-86
0.2232	1.449204512e-86
0.2238	1.186593469e-86
0.2244	9.720852452e-87
0.225	7.967749278e-87
0.2256	6.534233926e-87
0.2262	5.361424755e-87
0.2268	4.40140253e-87
0.2274	3.615148367e-87
0.228	2.970873513e-87
0.2286	2.442665748e-87
0.2292	2.009391783e-87
0.2298	1.653806758e-87
0.2304	1.361831375e-87
0.231	1.121964774e-87
0.2316	9.24807428e-88
0.2322	7.626732175e-88
0.2328	6.292738524e-88
0.2334	5.19462014e-88
0.234	4.290221784e-88
0.2346	3.545001821e-88
0.2352	2.930642814e-88
0.2358	2.423918269e-88
0.2364	2.005767835e-88
0.237	1.660542225e-88
0.2376	1.375386397e-88
0.2382	1.139735414e-88
0.2388	9.449022075e-89
0.2394	7.837402996e-89
0.24	6.503677352e-89
0.2406	5.399409897e-89
0.2412	4.48469719e-89
0.2418	3.726648983e-89
0.2424	3.098142702e-89
0.243	2.576801409e-89
0.2436	2.144154746e-89
0.2442	1.78494976e-89
0.2448	1.486584564e-89
0.2454	1.238642725e-89
0.246	1.032510265e-89
0.2466	8.610604901e-90
0.2472	7.183944878e-90
0.2478	5.996273812e-90
0.2484	5.007121766e-90
0.249	4.182945294e-90
0.2496	3.49592946e-90
0.2502	2.922999206e-90
0.2508	2.445003109e-90
0.2514	2.046039172e-90
0.252	1.712897663e-90
0.2526	1.434600489e-90
0.2532	1.202020191e-90
0.2538	1.00756468e-90
0.2544	8.449162218e-91
0.255	7.088152741e-91
0.2556	5.948813616e-91
0.2562	4.994645947e-91
0.2568	4.195225273e-91
0.2574	3.525179891e-91
0.258	2.963342801e-91
0.2586	2.492047487e-91
0.2592	2.09654287e-91
0.2598	1.764507073e-91
0.2604	1.485643123e-91
0.261	1.25134265e-91
0.2616	1.054406026e-91
0.2622	8.888093687e-92
0.2628	7.495104906e-92
0.2634	6.322872092e-92
0.264	5.33602568e-92
0.2646	4.504924435e-92
0.2652	3.804717807e-92
0.2658	3.21456338e-92
0.2664	2.716973498e-92
0.267	2.297269515e-92
0.2676	1.943125764e-92
0.2682	1.644188341e-92
0.2688	1.391756305e-92
0.2694	1.178514957e-92
0.27	9.983126241e-93
0.2706	8.459737532e-93
0.2712	7.171423674e-93
0.2718	6.081508886e-93
0.2724	5.159101796e-93
0.273	4.378173341e-93
0.2736	3.716783225e-93
0.2742	3.156430735e-93
0.2748	2.681509725e-93
0.2754	2.278850868e-93
0.276	1.937337073e-93
0.2766	1.647580228e-93
0.2772	1.401649414e-93
0.2778	1.192842283e-93
0.2784	1.015492695e-93
0.279	8.648087905e-94
0.2796	7.367366312e-94
0.2802	6.27845343e-94
0.2808	5.352303198e-94
0.2814	4.564316275e-94
0.282	3.893651933e-94
0.2826	3.322647564e-94
0.2832	2.836328793e-94
0.2838	2.421995909e-94
0.2844	2.068874599e-94
0.285	1.767820882e-94
0.2856	1.511071743e-94
0.2862	1.292034316e-94
0.2868	1.10510759e-94
0.2874	9.455315799e-95
0.288	8.092596667e-95
0.2886	6.928505323e-95
0.2892	5.933766337e-95
0.2898	5.083466672e-95
0.2904	4.356398571e-95
0.291	3.734502501e-95
0.2916	3.20239473e-95
0.2922	2.746966557e-95
0.2928	2.357044214e-95
0.2934	2.023100151e-95
0.294	1.737007861e-95
0.2946	1.491833617e-95
0.2952	1.281659488e-95
0.2958	1.10143291e-95
0.2964	9.468387654e-96
0.297	8.141905736e-96
0.2976	7.003379153e-96
0.2982	6.025876303e-96
0.2988	5.186367271e-96
0.2994	4.465152402e-96
0.3	3.845375477e-96
0.3006	3.31260881e-96
0.3012	2.854499538e-96
0.3018	2.46046799e-96
0.3024	2.121450366e-96
0.303	1.829679171e-96
0.3036	1.57849579e-96
0.3042	1.362190451e-96
0.3048	1.17586554e-96
0.3054	1.015318812e-96
0.306	8.769435833e-97
0.3066	7.576434011e-97
0.3072	6.547590697e-97
0.3078	5.660062289e-97
0.3084	4.894219384e-97
0.309	4.233189563e-97
0.3096	3.662465926e-97
0.3102	3.169571798e-97
0.3108	2.743773491e-97
0.3114	2.375834128e-97
0.312	2.057802626e-97
0.3126	1.78283274e-97
0.3132	1.545027857e-97
0.3138	1.339307823e-97
0.3144	1.161294653e-97
0.315	1.00721441e-97
0.3156	8.738129439e-98
0.3162	7.582835164e-98
0.3168	6.582046053e-98
0.3174	5.714864546e-98
0.318	4.96325119e-98
0.3186	4.31162943e-98
0.3192	3.746545655e-98
0.3198	3.256376661e-98
0.3204	2.831077878e-98
0.321	2.461966593e-98
0.3216	2.141535273e-98
0.3222	1.863290753e-98
0.3228	1.621615662e-98
0.3234	1.411648999e-98
0.324	1.229183158e-98
0.3246	1.070575134e-98
0.3252	9.326699212e-99
0.3258	8.127344237e-99
0.3264	7.084004074e-99
0.327	6.176152543e-99
0.3276	5.385994342e-99
0.3282	4.698097703e-99
0.3288	4.099076988e-99
0.3294	3.577318391e-99
0.33	3.122742802e-99
0.3306	2.726600757e-99
0.3312	2.381295087e-99
0.3318	2.080227477e-99
0.3324	1.817665687e-99
0.333	1.588628606e-99
0.3336	1.38878674e-99
0.3342	1.214376022e-99
0.3348	1.062123145e-99
0.3354	9.291808679e-100
0.336	8.130719412e-100
0.3366	7.116404926e-100
0.3372	6.230098708e-100
0.3378	5.4554608e-100
0.3384	4.778260546e-100
0.339	4.186101279e-100
0.3396	3.668181332e-100
0.3402	3.215086537e-100
0.3408	2.81861001e-100
0.3414	2.471595608e-100
0.342	2.167801896e-100
0.3426	1.901783933e-100
0.3432	1.668790487e-100
0.3438	1.464674674e-100
0.3444	1.285816228e-100
0.345	1.129053877e-100
0.3456	9.916265007e-101
0.3462	8.711219176e-101
0.3468	7.654322917e-101
0.3474	6.727153057e-101
0.348	5.913603413e-101
0.3486	5.199590133e-101
0.3492	4.572794934e-101
0.3498	4.022441294e-101
0.3504	3.539099327e-101
0.351	3.114515625e-101
0.3516	2.741464839e-101
0.3522	2.413620191e-101
0.3528	2.125440471e-101
0.3534	1.872071408e-101
0.354	1.649259554e-101
0.3546	1.453277089e-101
0.3552	1.280856138e-101
0.3558	1.129131383e-101
0.3564	9.955899229e-102
0.357	8.78027438e-102
0.3576	7.745098748e-102
0.3582	6.833399362e-102
0.3588	6.030277744e-102
0.3594	5.322653514e-102
0.36	4.699040033e-102
0.3606	4.149348038e-102
0.3612	3.664713739e-102
0.3618	3.2373483e-102
0.3624	2.860406007e-102
0.363	2.52786879e-102
0.3636	2.234445033e-102
0.3642	1.975480898e-102
0.3648	1.746882592e-102
0.3654	1.545048213e-102
0.366	1.366807983e-102
0.3666	1.20937182e-102
0.3672	1.070283346e-102
0.3678	9.473795261e-103
0.3684	8.387552396e-103
0.369	7.427321842e-103
0.3696	6.578315656e-103
0.3702	5.827501147e-103
0.3708	5.163390187e-103
0.3714	4.575854092e-103
0.372	4.055960945e-103
0.3726	3.595832592e-103
0.3732	3.188518922e-103
0.3738	2.82788731e-103
0.3744	2.508525378e-103
0.375	2.225655454e-103
0.3756	1.975059294e-103
0.3762	1.753011845e-103
0.3768	1.556222926e-103
0.3774	1.381785888e-103
0.378	1.227132401e-103
0.3786	1.089992633e-103
0.3792	9.683601608e-104
0.3798	8.604610612e-104
0.3804	7.647266623e-104
0.381	6.797695269e-104
0.3816	6.043622775e-104
0.3822	5.374189217e-104
0.3828	4.779783818e-104
0.3834	4.251899639e-104
0.384	3.783005365e-104
0.3846	3.366432146e-104
0.3852	2.996273714e-104
0.3858	2.66729819e-104
0.3864	2.374870216e-104
0.387	2.114882164e-104
0.3876	1.883693377e-104
0.3882	1.67807648e-104
0.3888	1.495169933e-104
0.3894	1.332436092e-104
0.39	1.18762413e-104
0.3906	1.058737254e-104
0.3912	9.440037084e-105
0.3918	8.418511246e-105
0.3924	7.508838285e-105
0.393	6.698627595e-105
0.3936	5.976876964e-105
0.3942	5.333815234e-105
0.3948	4.760762994e-105
0.3954	4.250009213e-105
0.396	3.794701964e-105
0.3966	3.388751624e-105
0.3972	3.026745099e-105
0.3978	2.703869813e-105
0.3984	2.415846328e-105
0.399	2.15886861e-105
0.3996	1.929551066e-105
0.4002	1.724881571e-105
0.4008	1.542179801e-105
0.4014	1.379060264e-105
0.402	1.233399506e-105
0.4026	1.103306995e-105
0.4032	9.870992801e-106
0.4038	8.832770545e-106
0.4044	7.905047794e-106
0.405	7.075925937e-106
0.4056	6.334802424e-106
0.4062	5.672227984e-106
0.4068	5.079779747e-106
0.4074	4.549948482e-106
0.408	4.076038366e-106
0.4086	3.652077865e-106
0.4092	3.272740499e-106
0.4098	2.933274364e-106
0.4104	2.629439442e-106
0.411	2.357451837e-106
0.4116	2.11393414e-106
0.4122	1.895871267e-106
0.4128	1.700571144e-106
0.4134	1.525629708e-106
0.414	1.368899743e-106
0.4146	1.228463121e-106
0.4152	1.102606087e-106
0.4158	9.897972302e-107
0.4164	8.886678622e-107
0.417	7.97994529e-107
0.4176	7.166834233e-107
0.4182	6.437564893e-107
0.4188	5.783390329e-107
0.4194	5.196486736e-107
0.42	4.669854902e-107
0.4206	4.197232307e-107
0.4212	3.773014694e-107
0.4218	3.392186087e-107
0.4224	3.050256331e-107
0.423	2.743205337e-107
0.4236	2.467433314e-107
0.4242	2.219716316e-107
0.4248	1.997166559e-107
0.4254	1.797196959e-107
0.426	1.61748947e-107
0.4266	1.45596678e-107
0.4272	1.310767023e-107
0.4278	1.180221184e-107
0.4284	1.062832888e-107
0.429	9.572603388e-108
0.4296	8.62300171e-108
0.4302	7.768730007e-108
0.4308	7.000105069e-108
0.4314	6.30843872e-108
0.432	5.685934395e-108
0.4326	5.125594593e-108
0.4332	4.621138038e-108
0.4338	4.166925528e-108
0.4344	3.757893549e-108
0.435	3.389494828e-108
0.4356	3.057645098e-108
0.4362	2.758675411e-108
0.4368	2.489289418e-108
0.4374	2.246525099e-108
0.438	2.027720461e-108
0.4386	1.830482799e-108
0.4392	1.65266114e-108
0.4398	1.492321543e-108
0.4404	1.347724946e-108
0.441	1.217307305e-108
0.4416	1.099661775e-108
0.4422	9.935227285e-109
0.4428	8.977514197e-109
0.4434	8.113231151e-109
0.444	7.333155481e-109
0.4446	6.62898555e-109
0.4452	5.993247708e-109
0.4458	5.419212759e-109
0.4464	4.900820953e-109
0.447	4.432614618e-109
0.4476	4.009677649e-109
0.4482	3.627581151e-109
0.4488	3.282334594e-109
0.4494	2.970341927e-109
0.45	2.688362129e-109
0.4506	2.433473758e-109
0.4512	2.203043069e-109
0.4518	1.994695364e-109
0.4524	1.80628921e-109
0.453	1.635893267e-109
0.4536	1.481765435e-109
0.4542	1.342334098e-109
0.4548	1.216181252e-109
0.4554	1.102027308e-109
0.456	9.987174332e-110
0.4566	9.052092446e-110
0.4572	8.205617314e-110
0.4578	7.439252841e-110
0.4584	6.745327133e-110
0.459	6.116911623e-110
0.4596	5.547748212e-110
0.4602	5.032183643e-110
0.4608	4.565110364e-110
0.4614	4.141913246e-110
0.462	3.758421554e-110
0.4626	3.410865665e-110
0.4632	3.095838043e-110
0.4638	2.810258059e-110
0.4644	2.551340262e-110
0.465	2.316565773e-110
0.4656	2.103656475e-110
0.4662	1.910551734e-110
0.4668	1.735387399e-110
0.4674	1.576476846e-110
0.468	1.43229388e-110
0.4686	1.301457295e-110
0.4692	1.182716944e-110
0.4698	1.074941155e-110
0.4704	9.77105376e-111
0.471	8.882819172e-111
0.4716	8.076306872e-111
0.4722	7.343908253e-111
0.4728	6.678731427e-111
0.4734	6.07453293e-111
0.474	5.525656002e-111
0.4746	5.026974819e-111
0.4752	4.57384408e-111
0.4758	4.162053439e-111
0.4764	3.787786301e-111
0.477	3.447582579e-111
0.4776	3.138305e-111
0.4782	2.857108638e-111
0.4788	2.60141336e-111
0.4794	2.368878889e-111
0.48	2.15738225e-111
0.4806	1.964997359e-111
0.4812	1.789976547e-111
0.4818	1.630733847e-111
0.4824	1.485829851e-111
0.483	1.353958019e-111
0.4836	1.233932261e-111
0.4842	1.124675714e-111
0.4848	1.025210556e-111
0.4854	9.346488014e-112
0.486	8.521839429e-112
0.4866	7.770833935e-112
0.4872	7.086816304e-112
0.4878	6.463739849e-112
0.4884	5.896110131e-112
0.489	5.378933934e-112
0.4896	4.907673012e-112
0.4902	4.478202149e-112
0.4908	4.086771132e-112
0.4914	3.729970261e-112
0.492	3.404699079e-112
0.4926	3.108137989e-112
0.4932	2.837722521e-112
0.4938	2.59111998e-112
0.4944	2.366208249e-112
0.495	2.161056562e-112
0.4956	1.973908047e-112
0.4962	1.803163882e-112
0.4968	1.647368914e-112
0.4974	1.505198592e-112
0.498	1.375447117e-112
0.4986	1.257016662e-112
0.4992	1.1489076e-112
0.4998	1.050209611e-112
0.5004	9.600936141e-113
0.501	8.7780443e-113
0.5016	8.026541195e-113
0.5022	7.34015925e-113
0.5028	6.713187667e-113
0.5034	6.140422382e-113
0.504	5.617120578e-113
0.5046	5.13895933e-113
0.5052	4.701997992e-113
0.5058	4.302644e-113
0.5064	3.937621765e-113
0.507	3.603944382e-113
0.5076	3.298887888e-113
0.5082	3.019967844e-113
0.5088	2.764918031e-113
0.5094	2.531671054e-113
0.51	2.318340697e-113
0.5106	2.123205859e-113
0.5112	1.944695934e-113
0.5118	1.781377493e-113
0.5124	1.631942165e-113
0.513	1.495195599e-113
0.5136	1.370047414e-113
0.5142	1.255502038e-113
0.5148	1.150650368e-113
0.5154	1.054662178e-113
0.516	9.667791866e-114
0.5166	8.863087573e-114
0.5172	8.126181446e-114
0.5178	7.451292559e-114
0.5184	6.833138761e-114
0.519	6.266893133e-114
0.5196	5.748144298e-114
0.5202	5.272860228e-114
0.5208	4.837355239e-114
0.5214	4.438259895e-114
0.522	4.072493555e-114
0.5226	3.737239327e-114
0.5232	3.429921226e-114
0.5238	3.148183328e-114
0.5244	2.889870751e-114
0.525	2.653012297e-114
0.5256	2.435804615e-114
0.5262	2.236597735e-114
0.5268	2.053881875e-114
0.5274	1.886275388e-114
0.528	1.73251376e-114
0.5286	1.591439565e-114
0.5292	1.461993286e-114
0.5298	1.34320494e-114
0.5304	1.234186418e-114
0.531	1.134124499e-114
0.5316	1.042274457e-114
0.5322	9.579542256e-115
0.5328	8.805390639e-115
0.5334	8.094566823e-115
0.534	7.441827867e-115
0.5346	6.842370062e-115
0.5352	6.291791705e-115
0.5358	5.786059058e-115
0.5364	5.321475227e-115
0.537	4.894651705e-115
0.5376	4.502482343e-115
0.5382	4.142119547e-115
0.5388	3.810952501e-115
0.5394	3.50658725e-115
0.54	3.226828472e-115
0.5406	2.969662808e-115
0.5412	2.733243598e-115
0.5418	2.51587692e-115
0.5424	2.316008805e-115
0.543	2.132213543e-115
0.5436	1.963182968e-115
0.5442	1.807716654e-115
0.5448	1.66471294e-115
0.5454	1.533160706e-115
0.546	1.412131843e-115
0.5466	1.300774363e-115
0.5472	1.198306076e-115
0.5478	1.10400881e-115
0.5484	1.017223105e-115
0.549	9.373433622e-116
0.5496	8.638133877e-116
0.5502	7.961223182e-116
0.5508	7.338008816e-116
0.5514	6.764179714e-116
0.552	6.235775061e-116
0.5526	5.7491555e-116
0.5532	5.300976739e-116
0.5538	4.888165343e-116
0.5544	4.50789654e-116
0.555	4.157573866e-116
0.5556	3.834810494e-116
0.5562	3.53741211e-116
0.5568	3.263361202e-116
0.5574	3.010802645e-116
0.558	2.778030481e-116
0.5586	2.563475778e-116
0.5592	2.365695499e-116
0.5598	2.183362277e-116
0.5604	2.015255038e-116
0.561	1.860250384e-116
0.5616	1.717314691e-116
0.5622	1.58549685e-116
0.5628	1.463921601e-116
0.5634	1.351783414e-116
0.564	1.248340867e-116
0.5646	1.152911485e-116
0.5652	1.064866997e-116
0.5658	9.836289815e-117
0.5664	9.086648637e-117
0.567	8.394842386e-117
0.5676	7.756354932e-117
0.5682	7.167027011e-117
0.5688	6.6230277e-117
0.5694	6.120828182e-117
0.57	5.657177651e-117
0.5706	5.229081142e-117
0.5712	4.833779164e-117
0.5718	4.468728964e-117
0.5724	4.131587306e-117
0.573	3.82019463e-117
0.5736	3.532560481e-117
0.5742	3.266850118e-117
0.5748	3.021372181e-117
0.5754	2.794567359e-117
0.576	2.584997954e-117
0.5766	2.391338291e-117
0.5772	2.212365879e-117
0.5778	2.046953289e-117
0.5784	1.894060674e-117
0.579	1.752728883e-117
0.5796	1.622073128e-117
0.5802	1.501277147e-117
0.5808	1.389587835e-117
0.5814	1.286310302e-117
0.582	1.190803317e-117
0.5826	1.102475117e-117
0.5832	1.020779543e-117
0.5838	9.452124871e-118
0.5844	8.753086164e-118
0.585	8.106383529e-118
0.5856	7.508050953e-118
0.5862	6.954426572e-118
0.5868	6.442129073e-118
0.5874	5.968035941e-118
0.588	5.529263419e-118
0.5886	5.123148036e-118
0.5892	4.747229581e-118
0.5898	4.399235405e-118
0.5904	4.077065956e-118
0.591	3.778781435e-118
0.5916	3.5025895e-118
0.5922	3.246833924e-118
0.5928	3.009984132e-118
0.5934	2.79062556e-118
0.594	2.587450753e-118
0.5946	2.399251163e-118
0.5952	2.224909577e-118
0.5958	2.063393131e-118
0.5964	1.913746866e-118
0.597	1.775087788e-118
0.5976	1.646599371e-118
0.5982	1.527526502e-118
0.5988	1.417170806e-118
0.5994	1.314886328e-118
