-0.6	2.231814616e-246
-0.5994	2.724309331e-246
-0.5988	3.326142404e-246
-0.5982	4.061734684e-246
-0.5976	4.960994287e-246
-0.597	6.060556955e-246
-0.5964	7.405308473e-246
-0.5958	9.050253646e-246
-0.5952	1.106281122e-245
-0.5946	1.352563238e-245
-0.594	1.654006297e-245
-0.5934	2.023039744e-245
-0.5928	2.474910642e-245
-0.5922	3.028326239e-245
-0.5916	3.706243941e-245
-0.591	4.53684272e-245
-0.5904	5.554717878e-245
-0.5898	6.802350819e-245
-0.5892	8.331917523e-245
-0.5886	1.020751423e-244
-0.588	1.250789712e-244
-0.5874	1.532985556e-244
-0.5868	1.879236596e-244
-0.5862	2.304170847e-244
-0.5856	2.825777048e-244
-0.585	3.46618143e-244
-0.5844	4.252605085e-244
-0.5838	5.218544197e-244
-0.5832	6.405225302e-244
-0.5826	7.863400084e-244
-0.582	9.655559355e-244
-0.5814	1.185866475e-243
-0.5808	1.456751992e-243
-0.5802	1.789893173e-243
-0.5796	2.199684792e-243
-0.579	2.703870146e-243
-0.5784	3.324324692e-243
-0.5778	4.088024181e-243
-0.5772	5.028240968e-243
-0.5766	6.186022628e-243
-0.576	7.612019874e-243
-0.5754	9.368746789e-243
-0.5748	1.153337625e-242
-0.5742	1.4201198e-242
-0.5736	1.748989741e-242
-0.573	2.154485088e-242
-0.5724	2.654568084e-242
-0.5718	3.271437183e-242
-0.5712	4.032532155e-242
-0.5706	4.971779116e-242
-0.57	6.131133073e-242
-0.5694	7.562489536e-242
-0.5688	9.330053993e-242
-0.5682	1.151327961e-241
-0.5676	1.421051023e-241
-0.567	1.754349895e-241
-0.5664	2.166301418e-241
-0.5658	2.67557962e-241
-0.5652	3.305319175e-241
-0.5646	4.08418737e-241
-0.564	5.047715244e-241
-0.5634	6.239950931e-241
-0.5628	7.715513665e-241
-0.5622	9.542146127e-241
-0.5616	1.180388677e-240
-0.561	1.460501365e-240
-0.5604	1.807494843e-240
-0.5598	2.237435589e-240
-0.5592	2.770273198e-240
-0.5586	3.430784598e-240
-0.558	4.249749246e-240
-0.5574	5.265412162e-240
-0.5568	6.525305709e-240
-0.5562	8.088518622e-240
-0.5556	1.002852276e-239
-0.555	1.243669549e-239
-0.5544	1.54267099e-239
-0.5538	1.914000795e-239
-0.5532	2.375262543e-239
-0.5526	2.948370431e-239
-0.552	3.66061126e-239
-0.5514	4.54596963e-239
-0.5508	5.646781996e-239
-0.5502	7.015801676e-239
-0.5496	8.718777541e-239
-0.549	1.083767493e-238
-0.5484	1.34746997e-238
-0.5478	1.675732695e-238
-0.5472	2.084458657e-238
-0.5466	2.593492203e-238
-0.546	3.2276018e-238
-0.5454	4.017709364e-238
-0.5448	5.002428346e-238
-0.5442	6.229988612e-238
-0.5436	7.760645979e-238
-0.543	9.669699164e-238
-0.5424	1.205126821e-237
-0.5418	1.502302773e-237
-0.5412	1.873213774e-237
-0.5406	2.336267695e-237
-0.54	2.914496132e-237
-0.5394	3.636722915e-237
-0.5388	4.539029712e-237
-0.5382	5.66659474e-237
-0.5376	7.076000141e-237
-0.537	8.838128195e-237
-0.5364	1.104179757e-236
-0.5358	1.379832984e-236
-0.5352	1.724728572e-236
-0.5346	2.156367242e-236
-0.534	2.696700181e-236
-0.5334	3.373267744e-236
-0.5328	4.220631283e-236
-0.5322	5.282174029e-236
-0.5316	6.61236672e-236
-0.531	8.279618648e-236
-0.5304	1.036986629e-235
-0.5298	1.299109157e-235
-0.5292	1.627901192e-235
-0.5286	2.040424803e-235
-0.528	2.558135529e-235
-0.5274	3.20802065e-235
-0.5268	4.024034168e-235
-0.5262	5.048906313e-235
-0.5256	6.336425933e-235
-0.525	7.954320073e-235
-0.5244	9.987887992e-235
-0.5238	1.254458845e-234
-0.5232	1.575983186e-234
-0.5226	1.980429574e-234
-0.522	2.489316648e-234
-0.5214	3.129781773e-234
-0.5208	3.936057193e-234
-0.5202	4.951336376e-234
-0.5196	6.230134314e-234
-0.519	7.841273351e-234
-0.5184	9.871661269e-234
-0.5178	1.24310732e-233
-0.5172	1.565820568e-233
-0.5166	1.97283433e-233
-0.516	2.486307027e-233
-0.5154	3.134257551e-233
-0.5148	3.952124824e-233
-0.5142	4.984744929e-233
-0.5136	6.28885832e-233
-0.513	7.936290073e-233
-0.5124	1.001798499e-232
-0.5118	1.264912871e-232
-0.5112	1.597564901e-232
-0.5106	2.018247134e-232
-0.51	2.550400515e-232
-0.5094	3.223746723e-232
-0.5088	4.075981444e-232
-0.5082	5.154926973e-232
-0.5076	6.521269494e-232
-0.507	8.252040834e-232
-0.5064	1.044504842e-231
-0.5058	1.322451323e-231
-0.5052	1.674824724e-231
-0.5046	2.121679318e-231
-0.504	2.688506665e-231
-0.5034	3.407718959e-231
-0.5028	4.320539573e-231
-0.5022	5.479413227e-231
-0.5016	6.951079519e-231
-0.501	8.820493503e-231
-0.5004	1.11958282e-230
-0.4998	1.421485947e-230
-0.4992	1.805311754e-230
-0.4986	2.293429719e-230
-0.498	2.914355599e-230
-0.4974	3.704450717e-230
-0.4968	4.710093953e-230
-0.4962	5.990458781e-230
-0.4956	7.621064914e-230
-0.495	9.698321979e-230
-0.4944	1.234534401e-229
-0.4938	1.571939238e-229
-0.4932	2.002140614e-229
-0.4926	2.550820868e-229
-0.492	3.250814706e-229
-0.4914	4.144113519e-229
-0.4908	5.28443488e-229
-0.4902	6.74051755e-229
-0.4896	8.600348134e-229
-0.489	1.097658444e-228
-0.4884	1.401351645e-228
-0.4878	1.789600358e-228
-0.4872	2.286095275e-228
-0.4866	2.921206414e-228
-0.486	3.733878066e-228
-0.4854	4.774064692e-228
-0.4848	6.105863165e-228
-0.4842	7.811541649e-228
-0.4836	9.996723382e-228
-0.483	1.279705849e-227
-0.4824	1.638681363e-227
-0.4818	2.098993416e-227
-0.4812	2.689429501e-227
-0.4806	3.447006517e-227
-0.48	4.419338042e-227
-0.4794	5.667686853e-227
-0.4788	7.270902247e-227
-0.4782	9.330500269e-227
-0.4776	1.197722063e-226
-0.477	1.537949229e-226
-0.4764	1.975436665e-226
-0.4758	2.538164229e-226
-0.4752	3.262211857e-226
-0.4746	4.194119263e-226
-0.474	5.393937374e-226
-0.4734	6.939175537e-226
-0.4728	8.929909117e-226
-0.4722	1.149539074e-225
-0.4716	1.480261059e-225
-0.471	1.906738403e-225
-0.4704	2.456871723e-225
-0.4698	3.166742619e-225
-0.4692	4.083027619e-225
-0.4686	5.266128889e-225
-0.468	6.794235849e-225
-0.4674	8.768596246e-225
-0.4668	1.132035908e-224
-0.4662	1.461946105e-224
-0.4656	1.888617066e-224
-0.465	2.440608965e-224
-0.4644	3.154965395e-224
-0.4638	4.079749182e-224
-0.4632	5.27734099e-224
-0.4626	6.828731569e-224
-0.462	8.839108878e-224
-0.4614	1.144513315e-223
-0.4608	1.482441306e-223
-0.4602	1.920785313e-223
-0.4596	2.489574787e-223
-0.459	3.227876662e-223
-0.4584	4.186532473e-223
-0.4578	5.431729688e-223
-0.4572	7.0496631e-223
-0.4566	9.152621092e-223
-0.456	1.188693506e-222
-0.4554	1.5443366e-222
-0.4548	2.007068002e-222
-0.4542	2.609339828e-222
-0.4536	3.393501281e-222
-0.453	4.414836217e-222
-0.4524	5.745538896e-222
-0.4518	7.479919507e-222
-0.4512	9.741222289e-222
-0.4506	1.269055893e-221
-0.45	1.653861767e-221
-0.4494	2.156101602e-221
-0.4488	2.811843797e-221
-0.4482	3.66830564e-221
-0.4476	4.787321452e-221
-0.447	6.24989645e-221
-0.4464	8.162188375e-221
-0.4458	1.066336733e-220
-0.4452	1.393594739e-220
-0.4446	1.821937214e-220
-0.444	2.382788552e-220
-0.4434	3.117404838e-220
-0.4428	4.079969536e-220
-0.4422	5.341670136e-220
-0.4416	6.99606857e-220
-0.441	9.166178581e-220
-0.4404	1.201379607e-219
-0.4398	1.575180415e-219
-0.4392	2.066040739e-219
-0.4386	2.710855776e-219
-0.438	3.558224336e-219
-0.4374	4.672185187e-219
-0.4368	6.137153846e-219
-0.4362	8.06444796e-219
-0.4356	1.060091573e-218
-0.435	1.394034945e-218
-0.4344	1.833858896e-218
-0.4338	2.413351541e-218
-0.4332	3.177152905e-218
-0.4326	4.184262706e-218
-0.432	5.512689273e-218
-0.4314	7.265613191e-218
-0.4308	9.579562361e-218
-0.4302	1.263525908e-217
-0.4296	1.667201802e-217
-0.429	2.200686514e-217
-0.4284	2.905993503e-217
-0.4278	3.83882221e-217
-0.4272	5.073045069e-217
-0.4266	6.706675055e-217
-0.426	8.869805452e-217
-0.4254	1.173517778e-216
-0.4248	1.553225344e-216
-0.4242	2.056595815e-216
-0.4236	2.724166084e-216
-0.423	3.609847393e-216
-0.4224	4.785366492e-216
-0.4218	6.346191064e-216
-0.4212	8.419438662e-216
-0.4206	1.11744374e-215
-0.42	1.483683318e-215
-0.4194	1.970744222e-215
-0.4188	2.618745522e-215
-0.4182	3.481214704e-215
-0.4176	4.629598054e-215
-0.417	6.159298081e-215
-0.4164	8.197758316e-215
-0.4158	1.091529424e-214
-0.4152	1.453960913e-214
-0.4146	1.937525662e-214
-0.414	2.582974661e-214
-0.4134	3.444857674e-214
-0.4128	4.596226088e-214
-0.4122	6.134948971e-214
-0.4116	8.192199284e-214
-0.411	1.094386074e-213
-0.4104	1.462586698e-213
-0.4098	1.955483743e-213
-0.4092	2.615585068e-213
-0.4086	3.499984013e-213
-0.408	4.685396704e-213
-0.4074	6.274950401e-213
-0.4068	8.407335499e-213
-0.4062	1.126914955e-212
-0.4056	1.511155383e-212
-0.405	2.027275887e-212
-0.4044	2.720839206e-212
-0.4038	3.653252833e-212
-0.4032	4.907315221e-212
-0.4026	6.59471604e-212
-0.402	8.866183397e-212
-0.4014	1.192521826e-211
-0.4008	1.604669249e-211
-0.4002	2.160204402e-211
-0.3996	2.909342443e-211
-0.399	3.920000097e-211
-0.3984	5.284076712e-211
-0.3978	7.125978627e-211
-0.3972	9.61419329e-211
-0.3966	1.297701135e-210
-0.396	1.752389303e-210
-0.3954	2.367451824e-210
-0.3948	3.19983019e-210
-0.3942	4.326816898e-210
-0.3936	5.853376895e-210
-0.393	7.922120272e-210
-0.3924	1.072689259e-209
-0.3918	1.453130372e-209
-0.3912	1.969400158e-209
-0.3906	2.670316209e-209
-0.39	3.622357821e-209
-0.3894	4.916098069e-209
-0.3888	6.674993754e-209
-0.3882	9.067403274e-209
-0.3876	1.232302557e-208
-0.387	1.675539728e-208
-0.3864	2.279269532e-208
-0.3858	3.10199314e-208
-0.3852	4.223677913e-208
-0.3846	5.753686386e-208
-0.384	7.841653337e-208
-0.3834	1.069241432e-207
-0.3828	1.458650472e-207
-0.3822	1.990832153e-207
-0.3816	2.718483139e-207
-0.381	3.713880012e-207
-0.3804	5.076202786e-207
-0.3798	6.941615799e-207
-0.3792	9.497151063e-207
-0.3786	1.29998378e-206
-0.378	1.780307371e-206
-0.3774	2.439299755e-206
-0.3768	3.343868117e-206
-0.3762	4.58614264e-206
-0.3756	6.293048685e-206
-0.375	8.639535831e-206
-0.3744	1.186687004e-205
-0.3738	1.630793965e-205
-0.3732	2.242228235e-205
-0.3726	3.084459218e-205
-0.372	4.245192877e-205
-0.3714	5.845688758e-205
-0.3708	8.053682583e-205
-0.3702	1.110131901e-204
-0.3696	1.531004998e-204
-0.369	2.112522225e-204
-0.3684	2.916414995e-204
-0.3678	4.028296448e-204
-0.3672	5.566962564e-204
-0.3666	7.697339983e-204
-0.366	1.06485199e-203
-0.3654	1.473888921e-203
-0.3648	2.041117082e-203
-0.3642	2.828130618e-203
-0.3636	3.920668512e-203
-0.363	5.438143159e-203
-0.3624	7.546954583e-203
-0.3618	1.047910441e-202
-0.3612	1.455823333e-202
-0.3606	2.02360624e-202
-0.36	2.814342332e-202
-0.3594	3.916175733e-202
-0.3588	5.452334809e-202
-0.3582	7.595191366e-202
-0.3576	1.058599177e-201
-0.357	1.47625636e-201
-0.3564	2.059824336e-201
-0.3558	2.875660025e-201
-0.3552	4.016840897e-201
-0.3546	5.613997839e-201
-0.354	7.850569511e-201
-0.3534	1.098429507e-200
-0.3528	1.537751365e-200
-0.3522	2.153990367e-200
-0.3516	3.018880366e-200
-0.351	4.233439616e-200
-0.3504	5.940007185e-200
-0.3498	8.339260163e-200
-0.3492	1.17142867e-199
-0.3486	1.646466029e-199
-0.348	2.315469845e-199
-0.3474	3.258185056e-199
-0.3468	4.587366798e-199
-0.3462	6.462538304e-199
-0.3456	9.109521888e-199
-0.345	1.284818195e-198
-0.3444	1.813185631e-198
-0.3438	2.56034338e-198
-0.3432	3.617515321e-198
-0.3426	5.11422264e-198
-0.342	7.234472013e-198
-0.3414	1.023983331e-197
-0.3408	1.450235894e-197
-0.3402	2.055157051e-197
-0.3396	2.914156514e-197
-0.339	4.134691563e-197
-0.3384	5.869980368e-197
-0.3378	8.338623577e-197
-0.3372	1.185269715e-196
-0.3366	1.685799875e-196
-0.336	2.39917416e-196
-0.3354	3.416531144e-196
-0.3348	4.868304903e-196
-0.3342	6.94128484e-196
-0.3336	9.903132922e-196
-0.333	1.413764062e-195
-0.3324	2.019546238e-195
-0.3318	2.886716594e-195
-0.3312	4.128848404e-195
-0.3306	5.909205972e-195
-0.33	8.462636495e-195
-0.3294	1.21271733e-194
-0.3288	1.738968825e-194
-0.3282	2.495188182e-194
-0.3276	3.582573391e-194
-0.327	5.147165836e-194
-0.3264	7.399859887e-194
-0.3258	1.064540295e-193
-0.3252	1.532445341e-193
-0.3246	2.207461681e-193
-0.324	3.181908333e-193
-0.3234	4.589543473e-193
-0.3228	6.624295141e-193
-0.3222	9.567517297e-193
-0.3216	1.382767852e-192
-0.321	1.999819381e-192
-0.3204	2.894175105e-192
-0.3198	4.191335466e-192
-0.3192	6.073998648e-192
-0.3186	8.808311755e-192
-0.318	1.278225434e-191
-0.3174	1.856180059e-191
-0.3168	2.697315239e-191
-0.3162	3.922323009e-191
-0.3156	5.707634418e-191
-0.315	8.311342634e-191
-0.3144	1.211126702e-190
-0.3138	1.766088412e-190
-0.3132	2.577157096e-190
-0.3126	3.763362571e-190
-0.312	5.499447743e-190
-0.3114	8.042129964e-190
-0.3108	1.176882837e-189
-0.3102	1.723481627e-189
-0.3096	2.525762617e-189
-0.309	3.704179408e-189
-0.3084	5.436335802e-189
-0.3078	7.984293527e-189
-0.3072	1.173502057e-188
-0.3066	1.7260348e-188
-0.306	2.540591079e-188
-0.3054	3.742318295e-188
-0.3048	5.516563475e-188
-0.3042	8.138037315e-188
-0.3036	1.201420722e-187
-0.303	1.774991082e-187
-0.3024	2.624364083e-187
-0.3018	3.883113575e-187
-0.3012	5.749968304e-187
-0.3006	8.520820504e-187
-0.3	1.263657145e-186
-0.2994	1.875470535e-186
-0.2988	2.785644309e-186
-0.2982	4.140728865e-186
-0.2976	6.159776243e-186
-0.297	9.170465729e-186
-0.2964	1.366335873e-185
-0.2958	2.037344586e-185
-0.2952	3.040281336e-185
-0.2946	4.5405311e-185
-0.294	6.78647844e-185
-0.2934	1.015146165e-184
-0.2928	1.51970861e-184
-0.2922	2.276884887e-184
-0.2916	3.414068268e-184
-0.291	5.123362477e-184
-0.2904	7.694689651e-184
-0.2898	1.156595961e-183
-0.2892	1.739915579e-183
-0.2886	2.619582231e-183
-0.288	3.947250323e-183
-0.2874	5.952748089e-183
-0.2868	8.984666865e-183
-0.2862	1.357217773e-182
-0.2856	2.051925722e-182
-0.285	3.104843639e-182
-0.2844	4.702029007e-182
-0.2838	7.126886227e-182
-0.2832	1.081147101e-181
-0.2826	1.641503027e-181
-0.282	2.494434085e-181
-0.2814	3.793825368e-181
-0.2808	5.775094886e-181
-0.2802	8.798708505e-181
-0.2796	1.341708888e-180
-0.279	2.047758683e-180
-0.2784	3.128109375e-180
-0.2778	4.782658028e-180
-0.2772	7.318845069e-180
-0.2766	1.120993758e-179
-0.276	1.718513115e-179
-0.2754	2.636896793e-179
-0.2748	4.049726162e-179
-0.2742	6.225182053e-179
-0.2736	9.57798094e-179
-0.273	1.47500347e-178
-0.2724	2.273583646e-178
-0.2718	3.507755565e-178
-0.2712	5.416888277e-178
-0.2706	8.372868979e-178
-0.27	1.295401136e-177
-0.2694	2.006048945e-177
-0.2688	3.109480022e-177
-0.2682	4.824415945e-177
-0.2676	7.492283257e-177
-0.267	1.164656506e-176
-0.2664	1.812164075e-176
-0.2658	2.822376469e-176
-0.2652	4.399992367e-176
-0.2646	6.86610209e-176
-0.264	1.0724863e-175
-0.2634	1.67686552e-175
-0.2628	2.624409097e-175
-0.2622	4.111435646e-175
-0.2616	6.447420244e-175
-0.261	1.01207069e-174
-0.2604	1.590266773e-174
-0.2598	2.501297115e-174
-0.2592	3.938207946e-174
-0.2586	6.206860536e-174
-0.258	9.79235705e-174
-0.2574	1.546487255e-173
-0.2568	2.444844576e-173
-0.2562	3.869046396e-173
-0.2556	6.12923639e-173
-0.255	9.719872062e-173
-0.2544	1.543009054e-172
-0.2538	2.452066066e-172
-0.2532	3.900799769e-172
-0.2526	6.212050709e-172
-0.252	9.903261052e-172
-0.2514	1.58046701e-171
-0.2508	2.524984409e-171
-0.2502	4.038314362e-171
-0.2496	6.465644409e-171
-0.249	1.036324834e-170
-0.2484	1.662855581e-170
-0.2478	2.671098187e-170
-0.2472	4.295404177e-170
-0.2466	6.915112731e-170
-0.246	1.114494011e-169
-0.2454	1.798215233e-169
-0.2448	2.904646548e-169
-0.2442	4.697154481e-169
-0.2436	7.604463557e-169
-0.243	1.232527973e-168
-0.2424	1.999961971e-168
-0.2418	3.248970341e-168
-0.2412	5.284101267e-168
-0.2406	8.603996586e-168
-0.24	1.402605026e-167
-0.2394	2.289174948e-167
-0.2388	3.740532173e-167
-0.2382	6.119289806e-167
-0.2376	1.002268965e-166
-0.237	1.643560185e-166
-0.2364	2.69840703e-166
-0.2358	4.435599168e-166
-0.2352	7.299995591e-166
-0.2346	1.202876041e-165
-0.234	1.984493331e-165
-0.2334	3.278018812e-165
-0.2328	5.421367186e-165
-0.2322	8.977271504e-165
-0.2316	1.488403367e-164
-0.231	2.470815304e-164
-0.2304	4.10682223e-164
-0.2298	6.834710972e-164
-0.2292	1.13890027e-163
-0.2286	1.900225816e-163
-0.228	3.174544435e-163
-0.2274	5.310274931e-163
-0.2268	8.894360821e-163
-0.2262	1.491685892e-162
-0.2256	2.504999841e-162
-0.225	4.212195358e-162
-0.2244	7.092226719e-162
-0.2238	1.195729266e-161
-0.2232	2.018655048e-161
-0.2226	3.412504652e-161
-0.222	5.776558577e-161
-0.2214	9.791581084e-161
-0.2208	1.661985102e-160
-0.2202	2.824847802e-160
-0.2196	4.807946153e-160
-0.219	8.194524549e-160
-0.2184	1.398590529e-159
-0.2178	2.390358919e-159
-0.2172	4.091140914e-159
-0.2166	7.011931248e-159
-0.216	1.203499381e-158
-0.2154	2.068579663e-158
-0.2148	3.560573516e-158
-0.2142	6.137509586e-158
-0.2136	1.059478496e-157
-0.213	1.831568168e-157
-0.2124	3.170941796e-157
-0.2118	5.497825944e-157
-0.2112	9.546288371e-157
-0.2106	1.660054317e-156
-0.21	2.891063287e-156
-0.2094	5.042476002e-156
-0.2088	8.808144655e-156
-0.2082	1.540929734e-155
-0.2076	2.699867801e-155
-0.207	4.737693105e-155
-0.2064	8.326445288e-155
-0.2058	1.46562941e-154
-0.2052	2.58383107e-154
-0.2046	4.56229192e-154
-0.204	8.068348793e-154
-0.2034	1.429132703e-153
-0.2028	2.535423063e-153
-0.2022	4.505282386e-153
-0.2016	8.018461432e-153
-0.201	1.429424733e-152
-0.2004	2.552328464e-152
-0.1998	4.564788836e-152
-0.1992	8.177443281e-152
-0.1986	1.46734083e-151
-0.198	2.6373332e-151
-0.1974	4.748139764e-151
-0.1968	8.562694819e-151
-0.1962	1.546784938e-150
-0.1956	2.798890772e-150
-0.195	5.073207144e-150
-0.1944	9.211364845e-150
-0.1938	1.675383618e-149
-0.1932	3.052513665e-149
-0.1926	5.571321947e-149
-0.192	1.018639303e-148
-0.1914	1.865728384e-148
-0.1908	3.423312472e-148
-0.1902	6.292440991e-148
-0.1896	1.158699003e-147
-0.189	2.137496491e-147
-0.1884	3.950280559e-147
-0.1878	7.313793961e-147
-0.1872	1.356607715e-146
-0.1866	2.520967187e-146
-0.186	4.693383687e-146
-0.1854	8.754181089e-146
-0.1848	1.635913271e-145
-0.1842	3.062845067e-145
-0.1836	5.745324273e-145
-0.183	1.079775891e-144
-0.1824	2.033232813e-144
-0.1818	3.836011284e-144
-0.1812	7.25131623e-144
-0.1806	1.373418771e-143
-0.18	2.606413281e-143
-0.1794	4.956131186e-143
-0.1788	9.442926441e-143
-0.1782	1.802768038e-142
-0.1776	3.448638691e-142
-0.177	6.610516041e-142
-0.1764	1.269720444e-141
-0.1758	2.443831448e-141
-0.1752	4.713354716e-141
-0.1746	9.10940763e-141
-0.174	1.764236189e-140
-0.1734	3.424012833e-140
-0.1728	6.659346995e-140
-0.1722	1.297929472e-139
-0.1716	2.535124911e-139
-0.171	4.962289888e-139
-0.1704	9.734309024e-139
-0.1698	1.913701227e-138
-0.1692	3.770465562e-138
-0.1686	7.445151482e-138
-0.168	1.47338331e-137
-0.1674	2.922318742e-137
-0.1668	5.809183365e-137
-0.1662	1.157402294e-136
-0.1656	2.311221052e-136
-0.165	4.625862478e-136
-0.1644	9.279921156e-136
-0.1638	1.865960711e-135
-0.1632	3.760743414e-135
-0.1626	7.597388366e-135
-0.162	1.538440977e-134
-0.1614	3.122696444e-134
-0.1608	6.35356832e-134
-0.1602	1.295839733e-133
-0.1596	2.649337205e-133
-0.159	5.429780936e-133
-0.1584	1.115561014e-132
-0.1578	2.297614617e-132
-0.1572	4.743957928e-132
-0.1566	9.81954285e-132
-0.156	2.037678122e-131
-0.1554	4.239170708e-131
-0.1548	8.841672849e-131
-0.1542	1.848857579e-130
-0.1536	3.876102815e-130
-0.153	8.147367993e-130
-0.1524	1.717026736e-129
-0.1518	3.628122972e-129
-0.1512	7.686696945e-129
-0.1506	1.632894068e-128
-0.15	3.478119493e-128
-0.1494	7.428601022e-128
-0.1488	1.590938905e-127
-0.1482	3.416582102e-127
-0.1476	7.357497802e-127
-0.147	1.588826391e-126
-0.1464	3.440637762e-126
-0.1458	7.471811628e-126
-0.1452	1.627217712e-125
-0.1446	3.553911457e-125
-0.144	7.784257973e-125
-0.1434	1.709960487e-124
-0.1428	3.76722717e-124
-0.1422	8.324020581e-124
-0.1416	1.844713322e-123
-0.141	4.100321496e-123
-0.1404	9.141325824e-123
-0.1398	2.044145334e-122
-0.1392	4.584951931e-122
-0.1386	1.031543288e-121
-0.138	2.32797915e-121
-0.1374	5.270102514e-121
-0.1368	1.196787009e-120
-0.1362	2.726352844e-120
-0.1356	6.230520138e-120
-0.135	1.428411503e-119
-0.1344	3.285330019e-119
-0.1338	7.58073335e-119
-0.1332	1.754930876e-118
-0.1326	4.076012416e-118
-0.132	9.498343639e-118
-0.1314	2.220789811e-117
-0.1308	5.209842955e-117
-0.1302	1.226337195e-116
-0.1296	2.896502148e-116
-0.129	6.864788891e-116
-0.1284	1.632603357e-115
-0.1278	3.896235894e-115
-0.1272	9.331078683e-115
-0.1266	2.2425989e-114
-0.126	5.408984034e-114
-0.1254	1.309288749e-113
-0.1248	3.180696407e-113
-0.1242	7.755102759e-113
-0.1236	1.897767773e-112
-0.123	4.661229349e-112
-0.1224	1.149136455e-111
-0.1218	2.843599281e-111
-0.1212	7.063222716e-111
-0.1206	1.761113209e-110
-0.12	4.407920835e-110
-0.1194	1.107528255e-109
-0.1188	2.793591192e-109
-0.1182	7.074088751e-109
-0.1176	1.798417364e-108
-0.117	4.590242542e-108
-0.1164	1.176302149e-107
-0.1158	3.026588094e-107
-0.1152	7.819015929e-107
-0.1146	2.028282858e-106
-0.114	5.283187171e-106
-0.1134	1.381872761e-105
-0.1128	3.629596471e-105
-0.1122	9.573717844e-105
-0.1116	2.535997248e-104
-0.111	6.746473322e-104
-0.1104	1.802514769e-103
-0.1098	4.83692207e-103
-0.1092	1.303652798e-102
-0.1086	3.529164172e-102
-0.108	9.596512843e-102
-0.1074	2.621207603e-101
-0.1068	7.192015379e-101
-0.1062	1.982330068e-100
-0.1056	5.488991712e-100
-0.105	1.526917662e-99
-0.1044	4.267371071e-99
-0.1038	1.198236023e-98
-0.1032	3.380469725e-98
-0.1026	9.582528191e-98
-0.102	2.729400774e-97
-0.1014	7.811861839e-97
-0.1008	2.246765969e-96
-0.1002	6.493715749e-96
-0.0996	1.886153738e-95
-0.099	5.505865695e-95
-0.0984	1.615307793e-94
-0.0978	4.763022786e-94
-0.0972	1.411641361e-93
-0.0966	4.205301956e-93
-0.096	1.25926734e-92
-0.0954	3.790561821e-92
-0.0948	1.147020439e-91
-0.0942	3.489295801e-91
-0.0936	1.067138267e-90
-0.093	3.281233789e-90
-0.0924	1.014389191e-89
-0.0918	3.153119741e-89
-0.0912	9.855127694e-89
-0.0906	3.097330757e-88
-0.09	9.788904895e-88
-0.0894	3.111139912e-87
-0.0888	9.944012251e-87
-0.0882	3.196526028e-86
-0.0876	1.033444541e-85
-0.087	3.360518754e-85
-0.0864	1.099141475e-84
-0.0858	3.616153988e-84
-0.0852	1.196752149e-83
-0.0846	3.984221079e-83
-0.084	1.334389074e-82
-0.0834	4.496134204e-82
-0.0828	1.524163894e-81
-0.0822	5.1984937e-81
-0.0816	1.783998998e-80
-0.081	6.160282657e-80
-0.0804	2.140490293e-79
-0.0798	7.484279949e-79
-0.0792	2.633469942e-78
-0.0786	9.325360058e-78
-0.078	3.32337185e-77
-0.0774	1.192025035e-76
-0.0768	4.303301566e-76
-0.0762	1.563668951e-75
-0.0756	5.719142492e-75
-0.075	2.105602109e-74
-0.0744	7.803634798e-74
-0.0738	2.911444253e-73
-0.0732	1.093518913e-72
-0.0726	4.134903978e-72
-0.072	1.57412979e-71
-0.0714	6.033452597e-71
-0.0708	2.328388175e-70
-0.0702	9.047370537e-70
-0.0696	3.539808689e-69
-0.069	1.394569002e-68
-0.0684	5.53241619e-68
-0.0678	2.210118239e-67
-0.0672	8.891039996e-67
-0.0666	3.601935045e-66
-0.066	1.469516862e-65
-0.0654	6.037775907e-65
-0.0648	2.498334692e-64
-0.0642	1.041123031e-63
-0.0636	4.369552226e-63
-0.063	1.846970176e-62
-0.0624	7.862749506e-62
-0.0618	3.371188217e-61
-0.0612	1.455749802e-60
-0.0606	6.331192837e-60
-0.06	2.773179108e-59
-0.0594	1.22337876e-58
-0.0588	5.435382552e-58
-0.0582	2.432088401e-57
-0.0576	1.09597547e-56
-0.057	4.973760904e-56
-0.0564	2.273107627e-55
-0.0558	1.046146526e-54
-0.0552	4.848269037e-54
-0.0546	2.262479058e-53
-0.054	1.063079351e-52
-0.0534	5.029295228e-52
-0.0528	2.395429131e-51
-0.0522	1.148592266e-50
-0.0516	5.544003274e-50
-0.051	2.693528999e-49
-0.0504	1.317112006e-48
-0.0498	6.481648651e-48
-0.0492	3.209705728e-47
-0.0486	1.59923885e-46
-0.048	8.016360888e-46
-0.0474	4.042036585e-45
-0.0468	2.049845365e-44
-0.0462	1.045379667e-43
-0.0456	5.360291932e-43
-0.045	2.763048822e-42
-0.0444	1.431506568e-41
-0.0438	7.452743456e-41
-0.0432	3.898204079e-40
-0.0426	2.048047227e-39
-0.042	1.080531407e-38
-0.0414	5.723282942e-38
-0.0408	3.042599755e-37
-0.0402	1.622969437e-36
-0.0396	8.683769693e-36
-0.039	4.659049442e-35
-0.0384	2.505692676e-34
-0.0378	1.350335165e-33
-0.0372	7.289060609e-33
-0.0366	3.939502888e-32
-0.036	2.130910589e-31
-0.0354	1.15304719e-30
-0.0348	6.238508649e-30
-0.0342	3.373257161e-29
-0.0336	1.821902735e-28
-0.033	9.823555606e-28
-0.0324	5.284805325e-27
-0.0318	2.834933994e-26
-0.0312	1.515427179e-25
-0.0306	8.067093792e-25
-0.03	4.273539806e-24
-0.0294	2.251294782e-23
-0.0288	1.178481223e-22
-0.0282	6.125146947e-22
-0.0276	3.158331044e-21
-0.027	1.614267606e-20
-0.0264	8.171187183e-20
-0.0258	4.092483694e-19
-0.0252	2.026127196e-18
-0.0246	9.905935854e-18
-0.024	4.777820631e-17
-0.0234	2.270971134e-16
-0.0228	1.062596435e-15
-0.0222	4.88892557e-15
-0.0216	2.209257458e-14
-0.021	9.793842144e-14
-0.0204	4.254090972e-13
-0.0198	1.808289496e-12
-0.0192	7.512517741e-12
-0.0186	3.046472671e-11
-0.018	1.204289871e-10
-0.0174	4.634526504e-10
-0.0168	1.733927306e-09
-0.0162	6.29812617e-09
-0.0156	2.217915898e-08
-0.015	7.561819259e-08
-0.0144	2.492566711e-07
-0.0138	7.932270987e-07
-0.0132	2.433719381e-06
-0.0126	7.18886752e-06
-0.012	2.041583456e-05
-0.0114	5.566690024e-05
-0.0108	0.0001455344472
-0.0102	0.0003643345039
-0.0096	0.0008722499324
-0.009	0.001994545481
-0.0084	0.004350945587
-0.0078	0.009043881694
-0.0072	0.01789267044
-0.0066	0.0336579065
-0.006	0.06013959329
-0.0054	0.1019751814
-0.0048	0.1639531068
-0.0042	0.2497467437
-0.0036	0.3601919232
-0.003	0.4915386608
-0.0024	0.634373053
-0.0018	0.7739416895
-0.0012	0.8922812839
-0.0006	0.9718968084
0	1
0.0006	0.9581837009
0.0012	0.8431364849
0.0018	0.6817948575
0.0024	0.5072484742
0.003	0.3477702087
0.0036	0.2201601519
0.0042	0.1290005714
0.0048	0.07014998752
0.0054	0.03550985695
0.006	0.01678664778
0.0066	0.007436472054
0.0072	0.003098258764
0.0078	0.001218490394
0.0084	0.000454060374
0.009	0.0001609295151
0.0096	5.445356804e-05
0.0102	1.765646666e-05
0.0108	5.506231345e-06
0.0114	1.657381061e-06
0.012	4.831707856e-07
0.0126	1.368751455e-07
0.0132	3.779777433e-08
0.0138	1.020541382e-08
0.0144	2.701800404e-09
0.015	7.03232147e-10
0.0156	1.804098464e-10
0.0162	4.5725689e-11
0.0168	1.147497033e-11
0.0174	2.857058188e-12
0.018	7.071019547e-13
0.0186	1.742595345e-13
0.0192	4.283102166e-14
0.0198	1.051492485e-14
0.0204	2.58180834e-15
0.021	6.34811838e-16
0.0216	1.564783735e-16
0.0222	3.870722942e-17
0.0228	9.617375077e-18
0.0234	2.402187819e-18
0.024	6.036237663e-19
0.0246	1.526947663e-19
0.0252	3.890800066e-20
0.0258	9.991726077e-21
0.0264	2.587215114e-21
0.027	6.757629061e-22
0.0276	1.7810787e-22
0.0282	4.738442692e-23
0.0288	1.272829114e-23
0.0294	3.452929233e-24
0.03	9.461805061e-25
0.0306	2.619392217e-25
0.0312	7.326994759e-26
0.0318	2.071080236e-26
0.0324	5.916296319e-27
0.033	1.708092876e-27
0.0336	4.984246546e-28
0.0342	1.470022708e-28
0.0348	4.382157394e-29
0.0354	1.320346167e-29
0.036	4.020816958e-30
0.0366	1.23752231e-30
0.0372	3.849328459e-31
0.0378	1.210004352e-31
0.0384	3.843545923e-32
0.039	1.233645226e-32
0.0396	4.000631529e-33
0.0402	1.310724259e-33
0.0408	4.33811291e-34
0.0414	1.450298382e-34
0.042	4.897105348e-35
0.0426	1.669952913e-35
0.0432	5.750526093e-36
0.0438	1.999421404e-36
0.0444	7.018567192e-37
0.045	2.487099738e-37
0.0456	8.895927556e-38
0.0462	3.211403037e-38
0.0468	1.169919167e-38
0.0474	4.300570567e-39
0.048	1.594986745e-39
0.0486	5.967609879e-40
0.0492	2.252204037e-40
0.0498	8.572958825e-41
0.0504	3.290950533e-41
0.051	1.273889427e-41
0.0516	4.971807554e-42
0.0522	1.956238721e-42
0.0528	7.759031075e-43
0.0534	3.1018784e-43
0.054	1.249762977e-43
0.0546	5.074235062e-44
0.0552	2.075909729e-44
0.0558	8.556511129e-45
0.0564	3.552967915e-45
0.057	1.486102053e-45
0.0576	6.260741655e-46
0.0582	2.656319482e-46
0.0588	1.134933317e-46
0.0594	4.882638886e-47
0.06	2.114912345e-47
0.0606	9.222390492e-48
0.0612	4.048260512e-48
0.0618	1.788661794e-48
0.0624	7.953979096e-49
0.063	3.559584268e-49
0.0636	1.603007263e-49
0.0642	7.263675156e-50
0.0648	3.311509101e-50
0.0654	1.518827946e-50
0.066	7.007600348e-51
0.0666	3.252174055e-51
0.0672	1.518057025e-51
0.0678	7.126543282e-52
0.0684	3.364445746e-52
0.069	1.597201284e-52
0.0696	7.62404717e-53
0.0702	3.658980577e-53
0.0708	1.76543834e-53
0.0714	8.563134071e-54
0.072	4.175139496e-54
0.0726	2.046152982e-54
0.0732	1.007871965e-54
0.0738	4.989356627e-55
0.0744	2.482149185e-55
0.075	1.240875062e-55
0.0756	6.233302745e-56
0.0762	3.146095941e-56
0.0768	1.595376935e-56
0.0774	8.127682279e-57
0.078	4.159652679e-57
0.0786	2.13850199e-57
0.0792	1.104333352e-57
0.0798	5.728023139e-58
0.0804	2.984007302e-58
0.081	1.561213962e-58
0.0816	8.202942408e-59
0.0822	4.328119332e-59
0.0828	2.293132349e-59
0.0834	1.219937855e-59
0.084	6.516339491e-60
0.0846	3.494669943e-60
0.0852	1.881587832e-60
0.0858	1.017040927e-60
0.0864	5.518588703e-61
0.087	3.005894074e-61
0.0876	1.643448356e-61
0.0882	9.018954616e-62
0.0888	4.967700492e-62
0.0894	2.746219689e-62
0.09	1.523623702e-62
0.0906	8.483301887e-63
0.0912	4.740011019e-63
0.0918	2.657686514e-63
0.0924	1.49527524e-63
0.093	8.44140624e-64
0.0936	4.781545277e-64
0.0942	2.717473734e-64
0.0948	1.549494712e-64
0.0954	8.863939823e-65
0.096	5.086979588e-65
0.0966	2.928697132e-65
0.0972	1.691434593e-65
0.0978	9.799128934e-66
0.0984	5.694514641e-66
0.099	3.319316126e-66
0.0996	1.940658308e-66
0.1002	1.138005089e-66
0.1008	6.692992194e-67
0.1014	3.947879987e-67
0.102	2.335402804e-67
0.1026	1.385481736e-67
0.1032	8.242673142e-68
0.1038	4.917574191e-68
0.1044	2.941960392e-68
0.105	1.764872975e-68
0.1056	1.061618963e-68
0.1062	6.403103077e-69
0.1068	3.872283375e-69
0.1074	2.347939783e-69
0.108	1.427376361e-69
0.1086	8.699824085e-70
0.1092	5.31608273e-70
0.1098	3.256651611e-70
0.1104	2.000038516e-70
0.111	1.23135204e-70
0.1116	7.599629254e-71
0.1122	4.701738823e-71
0.1128	2.91588432e-71
0.1134	1.81266558e-71
0.114	1.129511734e-71
0.1146	7.054717984e-72
0.1152	4.416464499e-72
0.1158	2.771191026e-72
0.1164	1.742791389e-72
0.117	1.098505621e-72
0.1176	6.939496153e-73
0.1182	4.393527384e-73
0.1188	2.787722655e-73
0.1194	1.772669716e-73
0.12	1.129638389e-73
0.1206	7.213995296e-74
0.1212	4.61666767e-74
0.1218	2.960665754e-74
0.1224	1.902610674e-74
0.123	1.22518632e-74
0.1236	7.905657535e-75
0.1242	5.111514457e-75
0.1248	3.311533254e-75
0.1254	2.149655529e-75
0.126	1.398174061e-75
0.1266	9.111685408e-76
0.1272	5.949409819e-76
0.1278	3.892059119e-76
0.1284	2.550986248e-76
0.129	1.675146588e-76
0.1296	1.102063152e-76
0.1302	7.263771161e-77
0.1308	4.796373136e-77
0.1314	3.172868854e-77
0.132	2.102678777e-77
0.1326	1.395946497e-77
0.1332	9.283956782e-78
0.1338	6.185281728e-78
0.1344	4.12801743e-78
0.135	2.759770195e-78
0.1356	1.848193571e-78
0.1362	1.239820976e-78
0.1368	8.331082196e-79
0.1374	5.607493425e-79
0.138	3.780551089e-79
0.1386	2.553022109e-79
0.1392	1.726876888e-79
0.1398	1.169956716e-79
0.1404	7.93915308e-80
0.141	5.395962641e-80
0.1416	3.6732336e-80
0.1422	2.504422297e-80
0.1428	1.71017511e-80
0.1434	1.169613242e-80
0.144	8.011380863e-81
0.1446	5.495796956e-81
0.1452	3.775783025e-81
0.1458	2.597953302e-81
0.1464	1.790187746e-81
0.147	1.235389125e-81
0.1476	8.537721892e-82
0.1482	5.908924046e-82
0.1488	4.095417452e-82
0.1494	2.84253982e-82
0.15	1.975735705e-82
0.1506	1.375182703e-82
0.1512	9.585099349e-83
0.1518	6.690105317e-83
0.1524	4.675896749e-83
0.153	3.272563229e-83
0.1536	2.293495841e-83
0.1542	1.609497457e-83
0.1548	1.130995187e-83
0.1554	7.958021112e-84
0.156	5.606851771e-84
0.1566	3.955474193e-84
0.1572	2.794083679e-84
0.1578	1.976230319e-84
0.1584	1.39955178e-84
0.159	9.924066319e-85
0.1596	7.045886952e-85
0.1602	5.008677903e-85
0.1608	3.564906081e-85
0.1614	2.54042754e-85
0.162	1.812572883e-85
0.1626	1.294822825e-85
0.1632	9.260783057e-86
0.1638	6.63137981e-86
0.1644	4.754176416e-86
0.165	3.412387088e-86
0.1656	2.452163011e-86
0.1662	1.76418821e-86
0.1668	1.270695646e-86
0.1674	9.162959521e-87
0.168	6.614913677e-87
0.1686	4.780831117e-87
0.1692	3.459155518e-87
0.1698	2.505652993e-87
0.1704	1.816990422e-87
0.171	1.319052193e-87
0.1716	9.586183519e-88
0.1722	6.974301741e-88
0.1728	5.079533313e-88
0.1734	3.703495828e-88
0.174	2.703097965e-88
0.1746	1.97501561e-88
0.1752	1.444558295e-88
0.1758	1.057675409e-88
0.1764	7.752103577e-89
0.177	5.687659786e-89
0.1776	4.177261147e-89
0.1782	3.071077173e-89
0.1788	2.260102127e-89
0.1794	1.664948481e-89
0.18	1.227739231e-89
0.1806	9.062359585e-90
0.1812	6.695816152e-90
0.1818	4.952107917e-90
0.1824	3.666049558e-90
0.183	2.716599031e-90
0.1836	2.014972311e-90
0.1842	1.495981875e-90
0.1848	1.111718135e-90
0.1854	8.269354002e-91
0.186	6.15679172e-91
0.1866	4.588183694e-91
0.1872	3.422378867e-91
0.1878	2.555134971e-91
0.1884	1.909394295e-91
0.189	1.428140625e-91
0.1896	1.069147169e-91
0.1902	8.011111563e-92
0.1908	6.00806291e-92
0.1914	4.50983047e-92
0.192	3.38818946e-92
0.1926	2.547736894e-92
0.1932	1.917425937e-92
0.1938	1.444300247e-92
0.1944	1.088852353e-92
0.195	8.215819645e-93
0.1956	6.204417132e-93
0.1962	4.689397864e-93
0.1968	3.547292562e-93
0.1974	2.685583256e-93
0.198	2.034884615e-93
0.1986	1.543115382e-93
0.1992	1.171149571e-93
0.1998	8.895689248e-94
0.2004	6.762356507e-94
0.201	5.144766902e-94
0.2016	3.917242893e-94
0.2022	2.984973325e-94
0.2028	2.276373782e-94
0.2034	1.737352297e-94
0.204	1.327001623e-94
0.2046	1.014360484e-94
0.2052	7.75976513e-95
0.2058	5.940709451e-95
0.2064	4.551553395e-95
0.207	3.489881594e-95
0.2076	2.677870721e-95
0.2082	2.056338204e-95
0.2088	1.580242283e-95
0.2094	1.215276775e-95
0.21	9.352921901e-96
0.2106	7.203411529e-96
0.2112	5.551958201e-96
0.2118	4.282224576e-96
0.2124	3.305264692e-96
0.213	2.55302389e-96
0.2136	1.973393228e-96
0.2142	1.526443778e-96
0.2148	1.181557159e-96
0.2154	9.152373472e-97
0.216	7.094407849e-97
0.2166	5.503010598e-97
0.2172	4.271542162e-97
0.2178	3.317932766e-97
0.2184	2.578976582e-97
0.219	2.005961345e-97
0.2196	1.561318437e-97
0.2202	1.216053324e-97
0.2208	9.477731487e-98
0.2214	7.391716348e-98
0.222	5.768644395e-98
0.2226	4.504932732e-98
0.2232	3.520362744e-98
0.2238	2.752767887e-98
0.2244	2.153938807e-98
0.225	1.68646468e-98
0.2256	1.321295035e-98
0.2262	1.035856448e-98
0.2268	8.125968348e-99
0.2274	6.378595129e-99
0.228	5.010117277e-99
0.2286	3.937696948e-99
0.2292	3.096754919e-99
0.2298	2.436913715e-99
0.2304	1.918849293e-99
0.231	1.511846219e-99
0.2316	1.191897909e-99
0.2322	9.402294387e-100
0.2328	7.421482194e-100
0.2334	5.861491677e-100
0.234	4.632175907e-100
0.2346	3.662857487e-100
0.2352	2.898089524e-100
0.2358	2.294346929e-100
0.2364	1.817442269e-100
0.237	1.440506236e-100
0.2376	1.142408408e-100
0.2382	9.065215339e-101
0.2388	7.197540392e-101
0.2394	5.717920632e-101
0.24	4.545052924e-101
0.2406	3.614809114e-101
0.2412	2.876578273e-101
0.2418	2.290394206e-101
0.2424	1.824678306e-101
0.243	1.454464882e-101
0.2436	1.16000501e-101
0.2442	9.256675254e-102
0.2448	7.390734159e-102
0.2454	5.904136437e-102
0.246	4.719112248e-102
0.2466	3.773968106e-102
0.2472	3.019736327e-102
0.2478	2.417528451e-102
0.2484	1.93644353e-102
0.249	1.551914032e-102
0.2496	1.244397069e-102
0.2502	9.983382677e-103
0.2508	8.013510455e-103
0.2514	6.435661391e-103
0.252	5.171157889e-103
0.2526	4.15724479e-103
0.2532	3.343840434e-103
0.2538	2.690956067e-103
0.2544	2.166645004e-103
0.255	1.745371916e-103
0.2556	1.406715484e-103
0.2562	1.134335719e-103
0.2568	9.15151522e-104
0.2574	7.386853275e-104
0.258	5.965406225e-104
0.2586	4.819851749e-104
0.2592	3.896184135e-104
0.2598	3.151058306e-104
0.2604	2.54966792e-104
0.261	2.064049289e-104
0.2616	1.671724963e-104
0.2622	1.354618405e-104
0.2628	1.098185146e-104
0.2634	8.907168785e-105
0.264	7.227837872e-105
0.2646	5.867874448e-105
0.2652	4.766021601e-105
0.2658	3.872871444e-105
0.2664	3.148553973e-105
0.267	2.560880423e-105
0.2676	2.083851039e-105
0.2682	1.696455128e-105
0.2688	1.381705689e-105
0.2694	1.12586239e-105
0.27	9.17805833e-106
0.2706	7.48533422e-106
0.2712	6.107530024e-106
0.2718	4.985551564e-106
0.2724	4.071488036e-106
0.273	3.326477799e-106
0.2736	2.718984825e-106
0.2742	2.223406155e-106
0.2748	1.818946275e-106
0.2754	1.488706815e-106
0.276	1.218950055e-106
0.2766	9.985027694e-107
0.2772	8.18273465e-107
0.2778	6.708612433e-107
0.2784	5.502387745e-107
0.279	4.514952151e-107
0.2796	3.706276441e-107
0.2802	3.043717843e-107
0.2808	2.500645501e-107
0.2814	2.055323859e-107
0.282	1.690005184e-107
0.2826	1.390191716e-107
0.2832	1.144035481e-107
0.2838	9.4184988e-108
0.2844	7.757120477e-108
0.285	6.391389862e-108
0.2856	5.268236657e-108
0.2862	4.344198999e-108
0.2868	3.583669041e-108
0.2874	2.957461578e-108
0.288	2.441645719e-108
0.2886	2.016590883e-108
0.2892	1.666187459e-108
0.2898	1.377209899e-108
0.2904	1.138795986e-108
0.291	9.420209212e-109
0.2916	7.795488053e-109
0.2922	6.453473526e-109
0.2928	5.344542537e-109
0.2934	4.427857667e-109
0.294	3.66979839e-109
0.2946	3.042674772e-109
0.2952	2.523672376e-109
0.2958	2.093986461e-109
0.2964	1.738111232e-109
0.297	1.443256143e-109
0.2976	1.198866346e-109
0.2982	9.962285584e-110
0.2988	8.281469965e-110
0.2994	6.886768211e-110
0.3	5.729048009e-110
0.3006	4.767687598e-110
0.3012	3.96908893e-110
0.3018	3.305452795e-110
0.3024	2.753769361e-110
0.303	2.294985944e-110
0.3036	1.91332061e-110
0.3042	1.595695856e-110
0.3048	1.331271182e-110
0.3054	1.111057135e-110
0.306	9.275965137e-111
0.3066	7.747009424e-111
0.3072	6.472331227e-111
0.3078	5.40926769e-111
0.3084	4.52237656e-111
0.309	3.782203558e-111
0.3096	3.16426197e-111
0.3102	2.648187606e-111
0.3108	2.217038739e-111
0.3114	1.85671594e-111
0.312	1.555481105e-111
0.3126	1.303558558e-111
0.3132	1.092804126e-111
0.3138	9.164304927e-112
0.3144	7.68779176e-112
0.315	6.451311613e-112
0.3156	5.415495691e-112
0.3162	4.547488984e-112
0.3168	3.819863168e-112
0.3174	3.209712492e-112
0.318	2.697901587e-112
0.3186	2.268439452e-112
0.3192	1.907958271e-112
0.3198	1.605279363e-112
0.3204	1.351051562e-112
0.321	1.137449856e-112
0.3216	9.579241394e-113
0.3222	8.06989689e-113
0.3228	6.800523676e-113
0.3234	5.732627547e-113
0.324	4.833943738e-113
0.3246	4.077420037e-113
0.3252	3.440367322e-113
0.3258	2.903749717e-113
0.3264	2.451591243e-113
0.327	2.070479657e-113
0.3276	1.749151447e-113
0.3282	1.478144582e-113
0.3288	1.249507862e-113
0.3294	1.056557574e-113
0.33	8.936736722e-114
0.3306	7.56129023e-114
0.3312	6.399462972e-114
0.3318	5.417779964e-114
0.3324	4.588058421e-114
0.333	3.886563763e-114
0.3336	3.293301378e-114
0.3342	2.791422129e-114
0.3348	2.366723185e-114
0.3354	2.007228743e-114
0.336	1.70283776e-114
0.3366	1.445027895e-114
0.3372	1.226606603e-114
0.3378	1.041501811e-114
0.3384	8.845858418e-115
0.339	7.515272322e-115
0.3396	6.386660157e-115
0.3402	5.429087045e-115
0.3408	4.616398405e-115
0.3414	3.926474758e-115
0.342	3.340603714e-115
0.3426	2.842950551e-115
0.3432	2.420111779e-115
0.3438	2.060738557e-115
0.3444	1.75521896e-115
0.345	1.495409799e-115
0.3456	1.274410216e-115
0.3462	1.086370478e-115
0.3468	9.263304586e-116
0.3474	7.900831567e-116
0.348	6.740593329e-116
0.3486	5.752299745e-116
0.3492	4.910238058e-116
0.3498	4.192575043e-116
0.3504	3.580766491e-116
0.351	3.059057354e-116
0.3516	2.61405853e-116
0.3522	2.234388421e-116
0.3528	1.910369271e-116
0.3534	1.633769838e-116
0.354	1.397587272e-116
0.3546	1.19586217e-116
0.3552	1.023521723e-116
0.3558	8.762466429e-117
0.3564	7.503582409e-117
0.357	6.427225782e-117
0.3576	5.506690806e-117
0.3582	4.719214205e-117
0.3588	4.045387987e-117
0.3594	3.468660487e-117
0.36	2.974912256e-117
0.3606	2.55209548e-117
0.3612	2.18992732e-117
0.3618	1.879629051e-117
0.3624	1.613704089e-117
0.363	1.38574907e-117
0.3636	1.190293002e-117
0.3642	1.022660305e-117
0.3648	8.788541295e-118
0.3654	7.55456958e-118
0.366	6.495458804e-118
0.3666	5.586203737e-118
0.3672	4.805407193e-118
0.3678	4.134754774e-118
0.3684	3.558566759e-118
0.369	3.063415699e-118
0.3696	2.63780001e-118
0.3702	2.271865284e-118
0.3708	1.957166288e-118
0.3714	1.686463647e-118
0.372	1.453550133e-118
0.3726	1.253102186e-118
0.3732	1.080552996e-118
0.3738	9.319839619e-119
0.3744	8.040318671e-119
0.375	6.938094579e-119
0.3756	5.988374831e-119
0.3762	5.169865226e-119
0.3768	4.464271823e-119
0.3774	3.855874442e-119
0.378	3.331161308e-119
0.3786	2.87851604e-119
0.3792	2.487949378e-119
0.3798	2.150869235e-119
0.3804	1.85988352e-119
0.381	1.608631041e-119
0.3816	1.391636448e-119
0.3822	1.204185762e-119
0.3828	1.042219558e-119
0.3834	9.022412571e-120
0.384	7.812383888e-120
0.3846	6.766149616e-120
0.3852	5.861333672e-120
0.3858	5.078644601e-120
0.3864	4.401446527e-120
0.387	3.815390307e-120
0.3876	3.308096376e-120
0.3882	2.868881969e-120
0.3888	2.488526456e-120
0.3894	2.159069418e-120
0.39	1.873636866e-120
0.3906	1.626291624e-120
0.3912	1.41190451e-120
0.3918	1.226043384e-120
0.3924	1.064877569e-120
0.393	9.250954924e-121
0.3936	8.038337083e-121
0.3942	6.986157079e-121
0.3948	6.072991623e-121
0.3954	5.280304206e-121
0.396	4.592052601e-121
0.3966	3.994350199e-121
0.3972	3.47517374e-121
0.3978	3.024111027e-121
0.3984	2.632143099e-121
0.399	2.291456119e-121
0.3996	1.995278892e-121
0.4002	1.737742482e-121
0.4008	1.513758894e-121
0.4014	1.318916226e-121
0.402	1.149388014e-121
0.4026	1.001854845e-121
0.4032	8.73436557e-122
0.4038	7.616335911e-122
0.4044	6.642762379e-122
0.405	5.79480717e-122
0.4056	5.056111543e-122
0.4062	4.412466626e-122
0.4068	3.851528317e-122
0.4074	3.362570331e-122
0.408	2.936270252e-122
0.4086	2.564524122e-122
0.4092	2.240285745e-122
0.4098	1.957427369e-122
0.4104	1.710618887e-122
0.411	1.49522306e-122
0.4116	1.307204641e-122
0.4122	1.143051508e-122
0.4128	9.997062373e-123
0.4134	8.745066975e-123
0.414	7.651344794e-123
0.4146	6.695701126e-123
0.4152	5.860541695e-123
0.4158	5.13053476e-123
0.4164	4.492317515e-123
0.417	3.934240938e-123
0.4176	3.446147994e-123
0.4182	3.01918081e-123
0.4188	2.645612986e-123
0.4194	2.318703751e-123
0.42	2.032571085e-123
0.4206	1.78208132e-123
0.4212	1.562753063e-123
0.4218	1.370673563e-123
0.4224	1.202425901e-123
0.423	1.05502558e-123
0.4236	9.258653087e-124
0.4242	8.126668847e-124
0.4248	7.134392842e-124
0.4254	6.264421287e-124
0.426	5.501538453e-124
0.4266	4.832439059e-124
0.4272	4.245486217e-124
0.4278	3.730500316e-124
0.4284	3.27857486e-124
0.429	2.881915795e-124
0.4296	2.53370129e-124
0.4302	2.227959357e-124
0.4308	1.959461012e-124
0.4314	1.723626989e-124
0.432	1.516446272e-124
0.4326	1.334404938e-124
0.4332	1.174423983e-124
0.4338	1.033805005e-124
0.4344	9.101827218e-125
0.435	8.014834744e-125
0.4356	7.058889405e-125
0.4362	6.218044074e-125
0.4368	5.47831021e-125
0.4374	4.827415112e-125
0.438	4.254589523e-125
0.4386	3.750381766e-125
0.4392	3.306495065e-125
0.4398	2.915645138e-125
0.4404	2.571435501e-125
0.441	2.268248276e-125
0.4416	2.001148542e-125
0.4422	1.765800553e-125
0.4428	1.558394318e-125
0.4434	1.375581264e-125
0.444	1.214417843e-125
0.4446	1.072316091e-125
0.4452	9.47000278e-126
0.4458	8.364688956e-126
0.4464	7.389613063e-126
0.447	6.529284914e-126
0.4476	5.770073818e-126
0.4482	5.099983306e-126
0.4488	4.508453404e-126
0.4494	3.986187034e-126
0.45	3.5249976e-126
0.4506	3.117675123e-126
0.4512	2.757868666e-126
0.4518	2.439983039e-126
0.4524	2.159088044e-126
0.453	1.910838708e-126
0.4536	1.691405179e-126
0.4542	1.497411093e-126
0.4548	1.325879382e-126
0.4554	1.174184618e-126
0.456	1.040011098e-126
0.4566	9.213159634e-127
0.4572	8.162967629e-127
0.4578	7.233628961e-127
0.4584	6.411104852e-127
0.459	5.683002536e-127
0.4596	5.038380488e-127
0.4602	4.467576909e-127
0.4608	3.962058669e-127
0.4614	3.514288245e-127
0.462	3.117606481e-127
0.4626	2.766129292e-127
0.4632	2.454656612e-127
0.4638	2.178592152e-127
0.4644	1.933872641e-127
0.465	1.716905447e-127
0.4656	1.524513558e-127
0.4662	1.353887059e-127
0.4668	1.202540322e-127
0.4674	1.068274233e-127
0.468	9.491428615e-128
0.4686	8.43424045e-128
0.4692	7.495934156e-128
0.4698	6.663014748e-128
0.4704	5.923533471e-128
0.471	5.266909001e-128
0.4716	4.683769503e-128
0.4722	4.165813105e-128
0.4728	3.705684609e-128
0.4734	3.296866547e-128
0.474	2.933582877e-128
0.4746	2.610713862e-128
0.4752	2.323720806e-128
0.4758	2.068579499e-128
0.4764	1.841721357e-128
0.477	1.639981362e-128
0.4776	1.460551994e-128
0.4782	1.300942482e-128
0.4788	1.158942731e-128
0.4794	1.032591406e-128
0.48	9.201476709e-129
0.4806	8.200661672e-129
0.4812	7.309748636e-129
0.4818	6.516554337e-129
0.4824	5.810258774e-129
0.483	5.181251253e-129
0.4836	4.620993966e-129
0.4842	4.121901116e-129
0.4848	3.677231772e-129
0.4854	3.280994902e-129
0.486	2.927865173e-129
0.4866	2.613108296e-129
0.4872	2.332514818e-129
0.4878	2.082341397e-129
0.4884	1.859258714e-129
0.489	1.660305252e-129
0.4896	1.482846288e-129
0.4902	1.324537496e-129
0.4908	1.183292641e-129
0.4914	1.057254907e-129
0.492	9.447714237e-130
0.4926	8.443706672e-130
0.4932	7.547423725e-130
0.4938	6.747196992e-130
0.4944	6.032633858e-130
0.495	5.394476704e-130
0.4956	4.824477801e-130
0.4962	4.315288118e-130
0.4968	3.860358485e-130
0.4974	3.453851724e-130
0.498	3.090564528e-130
0.4986	2.765857985e-130
0.4992	2.475595785e-130
0.4998	2.216089265e-130
0.5004	1.984048506e-130
0.501	1.776538829e-130
0.5016	1.59094208e-130
0.5022	1.42492217e-130
0.5028	1.276394408e-130
0.5034	1.143498188e-130
0.504	1.024572684e-130
0.5046	9.18135194e-131
0.5052	8.228618604e-131
0.5058	7.37570493e-131
0.5064	6.612052677e-131
0.507	5.92823093e-131
0.5076	5.31581461e-131
0.5082	4.767276196e-131
0.5088	4.275889213e-131
0.5094	3.83564219e-131
0.51	3.441161949e-131
0.5106	3.087645197e-131
0.5112	2.770797522e-131
0.5118	2.486778971e-131
0.5124	2.232155512e-131
0.513	2.00385572e-131
0.5136	1.799132133e-131
0.5142	1.615526759e-131
0.5148	1.450840296e-131
0.5154	1.303104649e-131
0.516	1.170558398e-131
0.5166	1.051624891e-131
0.5172	9.448926795e-132
0.5178	8.4909805e-132
0.5184	7.631094125e-132
0.519	6.859133591e-132
0.5196	6.166022053e-132
0.5202	5.543628571e-132
0.5208	4.984668616e-132
0.5214	4.482615134e-132
0.522	4.031619042e-132
0.5226	3.626438149e-132
0.5232	3.262373595e-132
0.5238	2.935213008e-132
0.5244	2.641179667e-132
0.525	2.376887024e-132
0.5256	2.139298012e-132
0.5262	1.92568865e-132
0.5268	1.733615458e-132
0.5274	1.560886304e-132
0.528	1.405534309e-132
0.5286	1.26579448e-132
0.5292	1.140082797e-132
0.5298	1.026977479e-132
0.5304	9.252022152e-133
0.531	8.336111395e-133
0.5316	7.511753732e-133
0.5322	6.769709696e-133
0.5328	6.101681116e-133
0.5334	5.500214322e-133
0.534	4.958613389e-133
0.5346	4.470862387e-133
0.5352	4.031555669e-133
0.5358	3.635835387e-133
0.5364	3.279335453e-133
0.537	2.95813129e-133
0.5376	2.66869477e-133
0.5382	2.407853784e-133
0.5388	2.172755982e-133
0.5394	1.960836238e-133
0.54	1.769787453e-133
0.5406	1.597534356e-133
0.5412	1.442209994e-133
0.5418	1.302134618e-133
0.5424	1.175796739e-133
0.543	1.061836113e-133
0.5436	9.590284676e-134
0.5442	8.662717771e-134
0.5448	7.825739454e-134
0.5454	7.070417352e-134
0.546	6.388708245e-134
0.5466	5.773368725e-134
0.5472	5.217874917e-134
0.5478	4.716350324e-134
0.5484	4.263500988e-134
0.549	3.854557195e-134
0.5496	3.485221071e-134
0.5502	3.15161947e-134
0.5508	2.850261602e-134
0.5514	2.578000931e-134
0.552	2.33200091e-134
0.5526	2.109704147e-134
0.5532	1.908804679e-134
0.5538	1.727223018e-134
0.5544	1.563083697e-134
0.555	1.414695066e-134
0.5556	1.280531107e-134
0.5562	1.159215062e-134
0.5568	1.049504694e-134
0.5574	9.502790262e-135
0.558	8.605263856e-135
0.5586	7.793336495e-135
0.5592	7.05876553e-135
0.5598	6.394109606e-135
0.5604	5.792650034e-135
0.561	5.248319942e-135
0.5616	4.755640445e-135
0.5622	4.30966312e-135
0.5628	3.905918161e-135
0.5634	3.540367649e-135
0.564	3.20936343e-135
0.5646	2.909609133e-135
0.5652	2.638125933e-135
0.5658	2.392221666e-135
0.5664	2.169462989e-135
0.567	1.967650255e-135
0.5676	1.784794863e-135
0.5682	1.619098813e-135
0.5688	1.468936268e-135
0.5694	1.332836911e-135
0.57	1.209470931e-135
0.5706	1.097635463e-135
0.5712	9.962423625e-136
0.5718	9.043071549e-136
0.5724	8.20939068e-136
0.573	7.453320282e-136
0.5736	6.76756531e-136
0.5742	6.145522987e-136
0.5748	5.581216488e-136
0.5754	5.06923504e-136
0.576	4.604679802e-136
0.5766	4.183114975e-136
0.5772	3.800523613e-136
0.5778	3.453267707e-136
0.5784	3.138052093e-136
0.579	2.851891838e-136
0.5796	2.592082757e-136
0.5802	2.356174757e-136
0.5808	2.141947733e-136
0.5814	1.947389779e-136
0.582	1.770677474e-136
0.5826	1.61015806e-136
0.5832	1.464333313e-136
0.5838	1.331844962e-136
0.5844	1.21146149e-136
0.585	1.10206619e-136
0.5856	1.002646364e-136
0.5862	9.122835424e-137
0.5868	8.301446332e-137
0.5874	7.554739103e-137
0.588	6.875857607e-137
0.5886	6.258581178e-137
0.5892	5.697265163e-137
0.5898	5.18678707e-137
0.5904	4.722497814e-137
0.591	4.300177549e-137
0.5916	3.915995656e-137
0.5922	3.56647451e-137
0.5928	3.248456633e-137
0.5934	2.959074951e-137
0.594	2.695725822e-137
0.5946	2.456044607e-137
0.5952	2.237883522e-137
0.5958	2.039291558e-137
0.5964	1.858496287e-137
0.597	1.693887356e-137
0.5976	1.544001528e-137
0.5982	1.407509114e-137
0.5988	1.283201668e-137
0.5994	1.169980826e-137
