-0.6	1.212363355e-255
-0.5994	1.480094737e-255
-0.5988	1.807309467e-255
-0.5982	2.207303235e-255
-0.5976	2.696361486e-255
-0.597	3.294435752e-255
-0.5964	4.025973892e-255
-0.5958	4.920939488e-255
-0.5952	6.016063719e-255
-0.5946	7.356383092e-255
-0.594	8.997128638e-255
-0.5934	1.100604744e-254
-0.5928	1.346625596e-254
-0.5922	1.647974779e-254
-0.5916	2.01717067e-254
-0.591	2.469581112e-254
-0.5904	3.024075915e-254
-0.5898	3.703829677e-254
-0.5892	4.537309744e-254
-0.5886	5.559492275e-254
-0.588	6.81335939e-254
-0.5874	8.351742745e-254
-0.5868	1.023959419e-253
-0.5862	1.255678303e-253
-0.5856	1.540154274e-253
-0.585	1.889471889e-253
-0.5844	2.318500545e-253
-0.5838	2.845540112e-253
-0.5832	3.493117132e-253
-0.5826	4.288966935e-253
-0.582	5.267245325e-253
-0.5814	6.470023826e-253
-0.5808	7.949135247e-253
-0.5802	9.768452133e-253
-0.5796	1.200670024e-252
-0.579	1.476093341e-252
-0.5784	1.815082633e-252
-0.5778	2.232397867e-252
-0.5772	2.746247057e-252
-0.5766	3.379096616e-252
-0.576	4.158673313e-252
-0.5754	5.119203395e-252
-0.5748	6.302945349e-252
-0.5742	7.762086322e-252
-0.5736	9.56108897e-252
-0.573	1.177959639e-251
-0.5724	1.451602862e-251
-0.5718	1.789203637e-251
-0.5712	2.205801748e-251
-0.5706	2.719995126e-251
-0.57	3.35478674e-251
-0.5694	4.138634285e-251
-0.5688	5.106751499e-251
-0.5682	6.302721818e-251
-0.5676	7.780499765e-251
-0.567	9.606893814e-251
-0.5664	1.186464724e-250
-0.5658	1.465626185e-250
-0.5652	1.810874484e-250
-0.5646	2.237950289e-250
-0.564	2.766366251e-250
-0.5634	3.420316386e-250
-0.5628	4.22980602e-250
-0.5622	5.23205612e-250
-0.5616	6.473249043e-250
-0.561	8.010699211e-250
-0.5604	9.915552746e-250
-0.5598	1.227614578e-249
-0.5592	1.520218308e-249
-0.5586	1.882993856e-249
-0.558	2.332872918e-249
-0.5574	2.89089758e-249
-0.5568	3.583224239e-249
-0.5562	4.442374212e-249
-0.5556	5.508792009e-249
-0.555	6.83278742e-249
-0.5544	8.476956527e-249
-0.5538	1.051920045e-248
-0.5532	1.30564903e-248
-0.5526	1.620956392e-248
-0.552	2.012878641e-248
-0.5514	2.500146449e-248
-0.5508	3.106097774e-248
-0.5502	3.859818043e-248
-0.5496	4.797564233e-248
-0.549	5.964543932e-248
-0.5484	7.417138434e-248
-0.5478	9.225681342e-248
-0.5472	1.147793234e-247
-0.5466	1.428342109e-247
-0.546	1.777888061e-247
-0.5454	2.213504487e-247
-0.5448	2.756515542e-247
-0.5442	3.433560917e-247
-0.5436	4.277928964e-247
-0.543	5.331226194e-247
-0.5424	6.64546856e-247
-0.5418	8.285701702e-247
-0.5412	1.033328479e-246
-0.5406	1.289000701e-246
-0.54	1.608324918e-246
-0.5394	2.007245729e-246
-0.5388	2.505726369e-246
-0.5382	3.128767758e-246
-0.5376	3.907687542e-246
-0.537	4.881725865e-246
-0.5364	6.100061825e-246
-0.5358	7.624346314e-246
-0.5352	9.531884255e-246
-0.5346	1.191963378e-245
-0.534	1.490923331e-245
-0.5334	1.865332243e-245
-0.5328	2.33434914e-245
-0.5322	2.922028174e-245
-0.5316	3.658577004e-245
-0.531	4.581940656e-245
-0.5304	5.739795551e-245
-0.5298	7.192060558e-245
-0.5292	9.014059976e-245
-0.5286	1.13005087e-244
-0.528	1.417053463e-244
-0.5274	1.777400987e-244
-0.5268	2.229953404e-244
-0.5262	2.798450309e-244
-0.5256	3.512781226e-244
-0.525	4.410588598e-244
-0.5244	5.539291183e-244
-0.5238	6.958638752e-244
-0.5232	8.743938486e-244
-0.5226	1.099013072e-243
-0.522	1.381693902e-243
-0.5214	1.737537955e-243
-0.5208	2.185599053e-243
-0.5202	2.749923936e-243
-0.5196	3.460868696e-243
-0.519	4.356764437e-243
-0.5184	5.486025378e-243
-0.5178	6.909817629e-243
-0.5172	8.705438696e-243
-0.5166	1.097059812e-242
-0.516	1.382884102e-242
-0.5154	1.743642162e-242
-0.5148	2.199101665e-242
-0.5142	2.774277428e-242
-0.5136	3.500832841e-242
-0.513	4.418857894e-242
-0.5124	5.579125649e-242
-0.5118	7.045956661e-242
-0.5112	8.900856179e-242
-0.5106	1.124713388e-241
-0.51	1.421577319e-241
-0.5094	1.797289025e-241
-0.5088	2.272921576e-241
-0.5082	2.875215163e-241
-0.5076	3.638110602e-241
-0.507	4.604700353e-241
-0.5064	5.829711453e-241
-0.5058	7.382666248e-241
-0.5052	9.35190712e-241
-0.5046	1.184972281e-240
-0.504	1.501887972e-240
-0.5034	1.904094569e-240
-0.5028	2.414690109e-240
-0.5022	3.063066979e-240
-0.5016	3.886637832e-240
-0.501	4.933037691e-240
-0.5004	6.262934418e-240
-0.4998	7.953616677e-240
-0.4992	1.010357579e-239
-0.4986	1.283835852e-239
-0.498	1.631804546e-239
-0.4974	2.074680941e-239
-0.4968	2.63851357e-239
-0.4962	3.356545054e-239
-0.4956	4.271211363e-239
-0.495	5.436700122e-239
-0.4944	6.922225279e-239
-0.4938	8.816219939e-239
-0.4932	1.123170642e-238
-0.4926	1.431317611e-238
-0.492	1.824540622e-238
-0.4914	2.326476209e-238
-0.4908	2.967369026e-238
-0.4902	3.785930837e-238
-0.4896	4.831725754e-238
-0.489	6.168231581e-238
-0.4884	7.876770135e-238
-0.4878	1.006155471e-237
-0.4872	1.285617421e-237
-0.4866	1.643192541e-237
-0.486	2.100852334e-237
-0.4854	2.68678729e-237
-0.4848	3.437178185e-237
-0.4842	4.398475047e-237
-0.4836	5.630330179e-237
-0.483	7.209374123e-237
-0.4824	9.234078344e-237
-0.4818	1.183101931e-236
-0.4812	1.516295042e-236
-0.4806	1.943920666e-236
-0.48	2.492912056e-236
-0.4794	3.197932611e-236
-0.4788	4.103608469e-236
-0.4782	5.267409941e-236
-0.4776	6.763371548e-236
-0.477	8.686896227e-236
-0.4764	1.116096167e-235
-0.4758	1.43441406e-235
-0.4752	1.844096831e-235
-0.4746	2.371534905e-235
-0.474	3.050789711e-235
-0.4734	3.925837502e-235
-0.4728	5.053473628e-235
-0.4722	6.507072878e-235
-0.4716	8.381459808e-235
-0.471	1.079921876e-234
-0.4704	1.391887184e-234
-0.4698	1.794548119e-234
-0.4692	2.314439891e-234
-0.4686	2.98591048e-234
-0.468	3.85343549e-234
-0.4674	4.974623197e-234
-0.4668	6.424116869e-234
-0.4662	8.298663947e-234
-0.4656	1.07237032e-233
-0.465	1.386192725e-233
-0.4644	1.792441663e-233
-0.4638	2.31851224e-233
-0.4632	2.999971086e-233
-0.4626	3.883009243e-233
-0.462	5.027635992e-233
-0.4614	6.511838857e-233
-0.4608	8.437003896e-233
-0.4602	1.093498049e-232
-0.4596	1.417729275e-232
-0.459	1.838715378e-232
-0.4584	2.385514121e-232
-0.4578	3.095965663e-232
-0.4572	4.019363813e-232
-0.4566	5.219944923e-232
-0.456	6.781446268e-232
-0.4554	8.813063809e-232
-0.4548	1.145724168e-231
-0.4542	1.48998601e-231
-0.4536	1.938356487e-231
-0.453	2.52252133e-231
-0.4524	3.2838716e-231
-0.4518	4.276495369e-231
-0.4512	5.57109746e-231
-0.4506	7.260136956e-231
-0.45	9.464563192e-231
-0.4494	1.234265075e-230
-0.4488	1.610159167e-230
-0.4482	2.101271078e-230
-0.4476	2.743144375e-230
-0.447	3.582357816e-230
-0.4464	4.679973343e-230
-0.4458	6.116068277e-230
-0.4452	7.995694814e-230
-0.4446	1.045671914e-229
-0.444	1.368013681e-229
-0.4434	1.790365151e-229
-0.4428	2.343955624e-229
-0.4422	3.069828876e-229
-0.4416	4.021947344e-229
-0.441	5.271284391e-229
-0.4404	6.911221163e-229
-0.4398	9.064666605e-229
-0.4392	1.189345429e-228
-0.4386	1.561074883e-228
-0.438	2.049743181e-228
-0.4374	2.692375201e-228
-0.4368	3.537794187e-228
-0.4362	4.650405592e-228
-0.4356	6.115202223e-228
-0.435	8.044387376e-228
-0.4344	1.058614237e-227
-0.4338	1.393623717e-227
-0.4332	1.835341207e-227
-0.4326	2.41797628e-227
-0.432	3.186776738e-227
-0.4314	4.201613227e-227
-0.4308	5.541735418e-227
-0.4302	7.312085117e-227
-0.4296	9.651679227e-227
-0.429	1.274474553e-226
-0.4284	1.68355211e-226
-0.4278	2.224792568e-226
-0.4272	2.94117263e-226
-0.4266	3.889734871e-226
-0.426	5.146221142e-226
-0.4254	6.8112421e-226
-0.4248	9.018495403e-226
-0.4242	1.194571722e-225
-0.4236	1.5829282e-225
-0.423	2.098367365e-225
-0.4224	2.782746398e-225
-0.4218	3.691798714e-225
-0.4212	4.899763972e-225
-0.4206	6.505572945e-225
-0.42	8.641112769e-225
-0.4194	1.148227685e-224
-0.4188	1.526374369e-224
-0.4182	2.029875105e-224
-0.4176	2.700556486e-224
-0.417	3.594292415e-224
-0.4164	4.785752536e-224
-0.4158	6.3747662e-224
-0.4152	8.494855165e-224
-0.4146	1.132467885e-223
-0.414	1.51033928e-223
-0.4134	2.015126689e-223
-0.4128	2.68973763e-223
-0.4122	3.591680714e-223
-0.4116	4.798066713e-223
-0.411	6.412333699e-223
-0.4104	8.573294482e-223
-0.4098	1.146731345e-222
-0.4092	1.534470227e-222
-0.4086	2.054180566e-222
-0.408	2.751076469e-222
-0.4074	3.685964395e-222
-0.4068	4.940655478e-222
-0.4062	6.625268794e-222
-0.4056	8.888090546e-222
-0.405	1.192888945e-221
-0.4044	1.601690782e-221
-0.4038	2.151518095e-221
-0.4032	2.891342511e-221
-0.4026	3.887253311e-221
-0.402	5.228480073e-221
-0.4014	7.03554818e-221
-0.4008	9.471327464e-221
-0.4002	1.275600701e-220
-0.3996	1.718740042e-220
-0.399	2.316849127e-220
-0.3984	3.124481751e-220
-0.3978	4.215523176e-220
-0.3972	5.690085498e-220
-0.3966	7.683878687e-220
-0.396	1.038095195e-219
-0.3954	1.403102557e-219
-0.3948	1.897307778e-219
-0.3942	2.566745914e-219
-0.3936	3.47396373e-219
-0.393	4.703981218e-219
-0.3924	6.372419672e-219
-0.3918	8.636588888e-219
-0.3912	1.171061787e-218
-0.3906	1.588611338e-218
-0.39	2.156037921e-218
-0.3894	2.92749814e-218
-0.3888	3.976847752e-218
-0.3882	5.404854635e-218
-0.3876	7.349070293e-218
-0.387	9.997346216e-218
-0.3864	1.360634977e-217
-0.3858	1.852694106e-217
-0.3852	2.523896985e-217
-0.3846	3.439901241e-217
-0.384	4.690589202e-217
-0.3834	6.399065192e-217
-0.3828	8.734016683e-217
-0.3822	1.192670526e-216
-0.3816	1.629433296e-216
-0.381	2.227219202e-216
-0.3804	3.045792149e-216
-0.3798	4.16724602e-216
-0.3792	5.704403656e-216
-0.3786	7.812395987e-216
-0.378	1.070463337e-215
-0.3774	1.467484629e-215
-0.3768	2.012751719e-215
-0.3762	2.761991915e-215
-0.3756	3.792021794e-215
-0.375	5.208781597e-215
-0.3744	7.158450926e-215
-0.3738	9.842835339e-215
-0.3732	1.354067571e-214
-0.3726	1.863717544e-214
-0.372	2.566493572e-214
-0.3714	3.536073594e-214
-0.3708	4.874433334e-214
-0.3702	6.722787795e-214
-0.3696	9.276791681e-214
-0.369	1.28076676e-213
-0.3684	1.769158918e-213
-0.3678	2.445056584e-213
-0.3672	3.380936168e-213
-0.3666	4.677477856e-213
-0.366	6.474614958e-213
-0.3654	8.966941139e-213
-0.3648	1.242520581e-212
-0.3642	1.722631955e-212
-0.3636	2.389526123e-212
-0.363	3.316363948e-212
-0.3624	4.605157136e-212
-0.3618	6.398222499e-212
-0.3612	8.894214403e-212
-0.3606	1.237057761e-211
-0.36	1.721500894e-211
-0.3594	2.396956661e-211
-0.3588	3.339254616e-211
-0.3582	4.654532691e-211
-0.3576	6.491433432e-211
-0.357	9.05824127e-211
-0.3564	1.264697609e-210
-0.3558	1.766728586e-210
-0.3552	2.469415053e-210
-0.3546	3.453506347e-210
-0.354	4.832469679e-210
-0.3534	6.76583702e-210
-0.3528	9.478033707e-210
-0.3522	1.328495536e-209
-0.3516	1.863150337e-209
-0.351	2.614462808e-209
-0.3504	3.670833013e-209
-0.3498	5.156977175e-209
-0.3492	7.248948944e-209
-0.3486	1.019541621e-208
-0.348	1.434781625e-208
-0.3474	2.020311908e-208
-0.3468	2.846450665e-208
-0.3462	4.012752471e-208
-0.3456	5.660247353e-208
-0.345	7.988838477e-208
-0.3444	1.128204758e-207
-0.3438	1.594223256e-207
-0.3432	2.254073918e-207
-0.3426	3.188936324e-207
-0.342	4.514223984e-207
-0.3414	6.394120418e-207
-0.3408	9.062329757e-207
-0.3402	1.285171693e-206
-0.3396	1.823667181e-206
-0.339	2.589369697e-206
-0.3384	3.678811182e-206
-0.3378	5.2298208e-206
-0.3372	7.439314372e-206
-0.3366	1.058879971e-205
-0.336	1.508096747e-205
-0.3354	2.149221889e-205
-0.3348	3.064811922e-205
-0.3342	4.373185175e-205
-0.3336	6.244020503e-205
-0.333	8.920806972e-205
-0.3324	1.275317418e-204
-0.3318	1.824348195e-204
-0.3312	2.611400192e-204
-0.3306	3.740385513e-204
-0.33	5.360897627e-204
-0.3294	7.688433442e-204
-0.3288	1.103362936e-203
-0.3282	1.584455713e-203
-0.3276	2.276795372e-203
-0.327	3.27379199e-203
-0.3264	4.710449594e-203
-0.3258	6.782016669e-203
-0.3252	9.771057731e-203
-0.3246	1.408677464e-202
-0.324	2.032215911e-202
-0.3234	2.933711876e-202
-0.3228	4.237946256e-202
-0.3222	6.126110889e-202
-0.3216	8.861489763e-202
-0.321	1.282691345e-201
-0.3204	1.857942169e-201
-0.3198	2.693009558e-201
-0.3192	3.906072953e-201
-0.3186	5.669446242e-201
-0.318	8.234549755e-201
-0.3174	1.196848265e-200
-0.3168	1.740762217e-200
-0.3162	2.533623259e-200
-0.3156	3.690183511e-200
-0.315	5.378465051e-200
-0.3144	7.844663579e-200
-0.3138	1.14497766e-199
-0.3132	1.672351474e-199
-0.3126	2.444370876e-199
-0.312	3.57533543e-199
-0.3114	5.233326014e-199
-0.3108	7.665690076e-199
-0.3102	1.123668901e-198
-0.3096	1.648315264e-198
-0.309	2.419681455e-198
-0.3084	3.554620961e-198
-0.3078	5.225727759e-198
-0.3072	7.6881146e-198
-0.3066	1.131914724e-197
-0.306	1.667744742e-197
-0.3054	2.459057495e-197
-0.3048	3.628542784e-197
-0.3042	5.358231982e-197
-0.3036	7.918405151e-197
-0.303	1.171068014e-196
-0.3024	1.733229094e-196
-0.3018	2.567204932e-196
-0.3012	3.805371793e-196
-0.3006	5.645038643e-196
-0.3	8.380526402e-196
-0.2994	1.245120912e-195
-0.2988	1.851351603e-195
-0.2982	2.754893065e-195
-0.2976	4.102611203e-195
-0.297	6.114445499e-195
-0.2964	9.120029177e-195
-0.2958	1.361379321e-194
-0.2952	2.033795075e-194
-0.2946	3.040756951e-194
-0.294	4.54992317e-194
-0.2934	6.813584208e-194
-0.2928	1.021169372e-193
-0.2922	1.53169364e-193
-0.2916	2.299319957e-193
-0.291	3.454472048e-193
-0.2904	5.194217649e-193
-0.2898	7.816569805e-193
-0.2892	1.177257085e-192
-0.2886	1.77454447e-192
-0.288	2.677098674e-192
-0.2874	4.042083145e-192
-0.2868	6.108167541e-192
-0.2862	9.238106083e-192
-0.2856	1.398372052e-191
-0.285	2.11851626e-191
-0.2844	3.212267039e-191
-0.2838	4.874878118e-191
-0.2832	7.404396715e-191
-0.2826	1.125617715e-190
-0.282	1.712651566e-190
-0.2814	2.608107654e-190
-0.2808	3.975227291e-190
-0.2802	6.064289611e-190
-0.2796	9.259360454e-190
-0.279	1.415033491e-189
-0.2784	2.1644059e-189
-0.2778	3.313588413e-189
-0.2772	5.077476139e-189
-0.2766	7.787325265e-189
-0.276	1.195422608e-188
-0.2754	1.836745493e-188
-0.2748	2.824701232e-188
-0.2742	4.348042054e-188
-0.2736	6.699066738e-188
-0.273	1.033084646e-187
-0.2724	1.594631122e-187
-0.2718	2.463706645e-187
-0.2712	3.809990542e-187
-0.2706	5.897482604e-187
-0.27	9.137324389e-187
-0.2694	1.417042149e-186
-0.2688	2.199680479e-186
-0.2682	3.417836704e-186
-0.2676	5.31569034e-186
-0.267	8.275352167e-186
-0.2664	1.28953622e-185
-0.2658	2.011419555e-185
-0.2652	3.140477453e-185
-0.2646	4.908111462e-185
-0.264	7.678223127e-185
-0.2634	1.202365414e-184
-0.2628	1.884705639e-184
-0.2622	2.957220971e-184
-0.2616	4.644715466e-184
-0.261	7.302498062e-184
-0.2604	1.149271685e-183
-0.2598	1.810567908e-183
-0.2592	2.855286757e-183
-0.2586	4.507434293e-183
-0.258	7.122883007e-183
-0.2574	1.126758741e-182
-0.2568	1.784254403e-182
-0.2562	2.828364294e-182
-0.2556	4.488163475e-182
-0.255	7.129495158e-182
-0.2544	1.133725021e-181
-0.2538	1.804752246e-181
-0.2532	2.876010293e-181
-0.2526	4.588052291e-181
-0.252	7.327122738e-181
-0.2514	1.171407173e-180
-0.2508	1.874794764e-180
-0.2502	3.003814946e-180
-0.2496	4.818017449e-180
-0.249	7.736445924e-180
-0.2484	1.243640177e-179
-0.2478	2.001383547e-179
-0.2472	3.224411495e-179
-0.2466	5.200647145e-179
-0.246	8.397564763e-179
-0.2454	1.357502534e-178
-0.2448	2.196956882e-178
-0.2442	3.559576373e-178
-0.2436	5.773953875e-178
-0.243	9.376674689e-178
-0.2424	1.524499475e-177
-0.2418	2.481481059e-177
-0.2412	4.043917483e-177
-0.2406	6.597868222e-177
-0.24	1.077748518e-176
-0.2394	1.762568912e-176
-0.2388	2.885971908e-176
-0.2382	4.731053712e-176
-0.2376	7.765079835e-176
-0.237	1.276023691e-175
-0.2364	2.099417595e-175
-0.2358	3.458348412e-175
-0.2352	5.703888463e-175
-0.2346	9.419074751e-175
-0.234	1.557338391e-174
-0.2334	2.578088789e-174
-0.2328	4.273222539e-174
-0.2322	7.091833881e-174
-0.2316	1.178445941e-173
-0.231	1.960701698e-173
-0.2304	3.266380962e-173
-0.2298	5.448517099e-173
-0.2292	9.100153402e-173
-0.2286	1.521881303e-172
-0.228	2.548456961e-172
-0.2274	4.273080554e-172
-0.2268	7.174223996e-172
-0.2262	1.206095514e-171
-0.2256	2.030318875e-171
-0.225	3.422358225e-171
-0.2244	5.776546168e-171
-0.2238	9.763275093e-171
-0.2232	1.652381206e-170
-0.2226	2.800369762e-170
-0.222	4.752410171e-170
-0.2214	8.076233596e-170
-0.2208	1.374368781e-169
-0.2202	2.3420718e-169
-0.2196	3.996710796e-169
-0.219	6.829893677e-169
-0.2184	1.168791357e-168
-0.2178	2.002972656e-168
-0.2172	3.437408972e-168
-0.2166	5.907568261e-168
-0.216	1.016742251e-167
-0.2154	1.75243058e-167
-0.2148	3.024836305e-167
-0.2142	5.228743425e-167
-0.2136	9.051707468e-167
-0.213	1.569295617e-166
-0.2124	2.724729921e-166
-0.2118	4.737944932e-166
-0.2112	8.251023648e-166
-0.2106	1.439064911e-165
-0.21	2.513686686e-165
-0.2094	4.397477462e-165
-0.2088	7.704799659e-165
-0.2082	1.352034869e-164
-0.2076	2.37622104e-164
-0.207	4.182748991e-164
-0.2064	7.374225899e-164
-0.2058	1.302130211e-163
-0.2052	2.302923125e-163
-0.2046	4.079390198e-163
-0.204	7.237783698e-163
-0.2034	1.286217133e-162
-0.2028	2.289418257e-162
-0.2022	4.081708717e-162
-0.2016	7.289013865e-162
-0.201	1.303795147e-161
-0.2004	2.335972402e-161
-0.1998	4.192256029e-161
-0.1992	7.536221298e-161
-0.1986	1.357029492e-160
-0.198	2.447703474e-160
-0.1974	4.422484374e-160
-0.1968	8.004163256e-160
-0.1962	1.451148557e-159
-0.1956	2.63547152e-159
-0.195	4.79467907e-159
-0.1944	8.73815617e-159
-0.1938	1.595303878e-158
-0.1932	2.917660469e-158
-0.1926	5.345621202e-158
-0.192	9.81156158e-158
-0.1914	1.804093625e-157
-0.1908	3.323268972e-157
-0.1902	6.132844209e-157
-0.1896	1.13384311e-156
-0.189	2.10011561e-156
-0.1884	3.897061839e-156
-0.1878	7.245025829e-156
-0.1872	1.349447073e-155
-0.1866	2.518197683e-155
-0.186	4.708110442e-155
-0.1854	8.819240234e-155
-0.1848	1.655191723e-154
-0.1842	3.112454247e-154
-0.1836	5.864083696e-154
-0.183	1.10699301e-153
-0.1824	2.093833741e-153
-0.1818	3.968233451e-153
-0.1812	7.535552306e-153
-0.1806	1.433841066e-152
-0.18	2.733759042e-152
-0.1794	5.222735462e-152
-0.1788	9.998152035e-152
-0.1782	1.91792109e-151
-0.1776	3.686688552e-151
-0.177	7.10137354e-151
-0.1764	1.370736506e-150
-0.1758	2.651409977e-150
-0.1752	5.139450643e-150
-0.1746	9.983414203e-150
-0.174	1.943433919e-149
-0.1734	3.791355746e-149
-0.1728	7.412405822e-149
-0.1722	1.452344384e-148
-0.1716	2.851883161e-148
-0.171	5.612437629e-148
-0.1704	1.106967938e-147
-0.1698	2.188206795e-147
-0.1692	4.335284808e-147
-0.1686	8.608531207e-147
-0.168	1.713282161e-146
-0.1674	3.417617484e-146
-0.1668	6.833120988e-146
-0.1662	1.369374691e-145
-0.1656	2.750676403e-145
-0.165	5.538310178e-145
-0.1644	1.11774369e-144
-0.1638	2.261210681e-144
-0.1632	4.585433633e-144
-0.1626	9.321100148e-144
-0.162	1.899363873e-143
-0.1614	3.87980887e-143
-0.1608	7.944757345e-143
-0.1602	1.630895531e-142
-0.1596	3.356247402e-142
-0.159	6.924226987e-142
-0.1584	1.432139702e-141
-0.1578	2.969638287e-141
-0.1572	6.173524785e-141
-0.1566	1.286713249e-140
-0.156	2.688789585e-140
-0.1554	5.633339609e-140
-0.1548	1.183359766e-139
-0.1542	2.492396685e-139
-0.1536	5.263502766e-139
-0.153	1.114545419e-138
-0.1524	2.366431231e-138
-0.1518	5.038151934e-138
-0.1512	1.07556836e-137
-0.1506	2.302514488e-137
-0.15	4.942795136e-137
-0.1494	1.06403792e-136
-0.1488	2.297017522e-136
-0.1482	4.972820152e-136
-0.1476	1.079645198e-135
-0.147	2.350758012e-135
-0.1464	5.133246775e-135
-0.1458	1.124197425e-134
-0.1452	2.469267933e-134
-0.1446	5.439739274e-134
-0.144	1.201935965e-133
-0.1434	2.663711497e-133
-0.1428	5.921135113e-133
-0.1422	1.320213301e-132
-0.1416	2.952664432e-132
-0.141	6.624064325e-132
-0.1404	1.49068249e-131
-0.1398	3.365159994e-131
-0.1392	7.620722333e-131
-0.1386	1.731276397e-130
-0.138	3.945723276e-130
-0.1374	9.021670947e-130
-0.1368	2.069463572e-129
-0.1362	4.762658469e-129
-0.1356	1.099695513e-128
-0.135	2.547636394e-128
-0.1344	5.921819136e-128
-0.1338	1.381135765e-127
-0.1332	3.232154312e-127
-0.1326	7.589852605e-127
-0.132	1.788427364e-126
-0.1314	4.228801147e-126
-0.1308	1.003419679e-125
-0.1302	2.389345062e-125
-0.1296	5.709757689e-125
-0.129	1.36933838e-124
-0.1284	3.295869883e-124
-0.1278	7.961731121e-124
-0.1272	1.930346395e-123
-0.1266	4.697486393e-123
-0.126	1.147389115e-122
-0.1254	2.8130881e-122
-0.1248	6.923026364e-122
-0.1242	1.710257257e-121
-0.1236	4.241237532e-121
-0.123	1.055850607e-120
-0.1224	2.638786404e-120
-0.1218	6.620810919e-120
-0.1212	1.667772284e-119
-0.1206	4.217882857e-119
-0.12	1.071021494e-118
-0.1194	2.730622277e-118
-0.1188	6.990348739e-118
-0.1182	1.796900275e-117
-0.1176	4.63821975e-117
-0.117	1.202251484e-116
-0.1164	3.129468393e-116
-0.1158	8.180725258e-116
-0.1152	2.147701552e-115
-0.1146	5.66280999e-115
-0.114	1.499619876e-114
-0.1134	3.988750653e-114
-0.1128	1.065650052e-113
-0.1122	2.859762946e-113
-0.1116	7.709016967e-113
-0.111	2.087553021e-112
-0.1104	5.678867575e-112
-0.1098	1.55198677e-111
-0.1092	4.261208977e-111
-0.1086	1.175473558e-110
-0.108	3.257953969e-110
-0.1074	9.072899049e-110
-0.1068	2.538828977e-109
-0.1062	7.138786579e-109
-0.1056	2.017141939e-108
-0.105	5.727793181e-108
-0.1044	1.634537471e-107
-0.1038	4.687887392e-107
-0.1032	1.351302026e-106
-0.1026	3.915065767e-106
-0.102	1.140133382e-105
-0.1014	3.337497864e-105
-0.1008	9.820961689e-105
-0.1002	2.905185414e-104
-0.0996	8.639723123e-104
-0.099	2.583160691e-103
-0.0984	7.76512282e-103
-0.0978	2.346985496e-102
-0.0972	7.132761427e-102
-0.0966	2.179768816e-101
-0.096	6.698676861e-101
-0.0954	2.070208425e-100
-0.0948	6.434374603e-100
-0.0942	2.011346044e-99
-0.0936	6.323777381e-99
-0.093	1.999848015e-98
-0.0924	6.361646718e-98
-0.0918	2.035710032e-97
-0.0912	6.553268289e-97
-0.0906	2.122353227e-96
-0.09	6.915399368e-96
-0.0894	2.267144039e-95
-0.0888	7.478693591e-95
-0.0882	2.482446189e-94
-0.0876	8.292095203e-94
-0.087	2.787417769e-93
-0.0864	9.430101456e-93
-0.0858	3.210927503e-92
-0.0852	1.10044396e-91
-0.0846	3.796227756e-91
-0.084	1.318278663e-90
-0.0834	4.608469142e-90
-0.0828	1.621902071e-89
-0.0822	5.74692007e-89
-0.0816	2.050276704e-88
-0.081	7.36513812e-88
-0.0804	2.66418764e-87
-0.0798	9.704847045e-87
-0.0792	3.56022218e-86
-0.0786	1.315390305e-85
-0.078	4.894924028e-85
-0.0774	1.83474516e-84
-0.0768	6.927375595e-84
-0.0762	2.634811986e-83
-0.0756	1.009585606e-82
-0.075	3.897391059e-82
-0.0744	1.515886837e-81
-0.0738	5.9408164e-81
-0.0732	2.34604609e-80
-0.0726	9.336033829e-80
-0.072	3.744105217e-79
-0.0714	1.513273965e-78
-0.0708	6.164458391e-78
-0.0702	2.531068521e-77
-0.0696	1.047533748e-76
-0.069	4.370293059e-76
-0.0684	1.838038026e-75
-0.0678	7.793319273e-75
-0.0672	3.33147667e-74
-0.0666	1.435883804e-73
-0.066	6.240098801e-73
-0.0654	2.734476717e-72
-0.0648	1.208336787e-71
-0.0642	5.384589391e-71
-0.0636	2.419843028e-70
-0.063	1.0967567e-69
-0.0624	5.013483959e-69
-0.0618	2.311490496e-68
-0.0612	1.074938894e-67
-0.0606	5.042311874e-67
-0.06	2.385854443e-66
-0.0594	1.138778983e-65
-0.0588	5.483122567e-65
-0.0582	2.663299159e-64
-0.0576	1.305042154e-63
-0.057	6.451331389e-63
-0.0564	3.217365809e-62
-0.0558	1.61875896e-61
-0.0552	8.216694709e-61
-0.0546	4.207711787e-60
-0.054	2.173838502e-59
-0.0534	1.133019608e-58
-0.0528	5.957588388e-58
-0.0522	3.160225366e-57
-0.0516	1.691098986e-56
-0.051	9.128712279e-56
-0.0504	4.970758082e-55
-0.0498	2.73016106e-54
-0.0492	1.512456768e-53
-0.0486	8.450446656e-53
-0.048	4.761540358e-52
-0.0474	2.705524402e-51
-0.0468	1.550073893e-50
-0.0462	8.953782565e-50
-0.0456	5.213931276e-49
-0.045	3.060377527e-48
-0.0444	1.810408519e-47
-0.0438	1.079208308e-46
-0.0432	6.481720547e-46
-0.0426	3.921520628e-45
-0.042	2.389538412e-44
-0.0414	1.466148252e-43
-0.0408	9.056235139e-43
-0.0402	5.630113163e-42
-0.0396	3.521855984e-41
-0.039	2.216091919e-40
-0.0384	1.402274855e-39
-0.0378	8.920014517e-39
-0.0372	5.702072228e-38
-0.0366	3.661606461e-37
-0.036	2.361067031e-36
-0.0354	1.528117948e-35
-0.0348	9.922458991e-35
-0.0342	6.460777582e-34
-0.0336	4.216276631e-33
-0.033	2.756221132e-32
-0.0324	1.803794004e-31
-0.0318	1.181081441e-30
-0.0312	7.732307452e-30
-0.0306	5.057952015e-29
-0.03	3.303388018e-28
-0.0294	2.152430548e-27
-0.0288	1.398075323e-26
-0.0282	9.044660699e-26
-0.0276	5.822685829e-25
-0.027	3.726601978e-24
-0.0264	2.36880903e-23
-0.0258	1.493903085e-22
-0.0252	9.337202572e-22
-0.0246	5.77720914e-21
-0.024	3.5343481e-20
-0.0234	2.135262131e-19
-0.0228	1.272278015e-18
-0.0222	7.466509087e-18
-0.0216	4.30974174e-17
-0.021	2.443171414e-16
-0.0204	1.358233855e-15
-0.0198	7.393332795e-15
-0.0192	3.93420558e-14
-0.0186	2.043198017e-13
-0.018	1.033871091e-12
-0.0174	5.088293965e-12
-0.0168	2.431408188e-11
-0.0162	1.125997817e-10
-0.0156	5.044418086e-10
-0.015	2.182056103e-09
-0.0144	9.096602179e-09
-0.0138	3.647707903e-08
-0.0132	1.404274686e-07
-0.0126	5.180075148e-07
-0.012	1.827397448e-06
-0.0114	6.153287604e-06
-0.0108	1.973920156e-05
-0.0102	6.021173897e-05
-0.0096	0.0001743238531
-0.009	0.0004781552323
-0.0084	0.001240370052
-0.0078	0.003037827176
-0.0072	0.007012821175
-0.0066	0.0152356896
-0.006	0.03110498609
-0.0054	0.05959314449
-0.0048	0.107005342
-0.0042	0.1798664062
-0.0036	0.2827313891
-0.003	0.415217496
-0.0024	0.5692594049
-0.0018	0.7281022946
-0.0012	0.8683567526
-0.0006	0.9653091714
0	1
0.0006	0.9728637763
0.0012	0.8958570954
0.0018	0.7810011418
0.0024	0.6448260189
0.003	0.5044545086
0.0036	0.3741603645
0.0042	0.2633131407
0.0048	0.1759710499
0.0054	0.1117861798
0.006	0.06757459495
0.0066	0.03891704839
0.0072	0.02138005036
0.0078	0.01121956165
0.0084	0.005631939215
0.009	0.002708307782
0.0096	0.001249572811
0.0102	0.0005540289689
0.0108	0.0002364334971
0.0114	9.727472317e-05
0.012	3.864748218e-05
0.0126	1.485223353e-05
0.0132	5.530074732e-06
0.0138	1.998275256e-06
0.0144	7.019002872e-07
0.015	2.400456288e-07
0.0156	8.005756623e-08
0.0162	2.607837315e-08
0.0168	8.3098478e-09
0.0174	2.594114102e-09
0.018	7.945114955e-10
0.0186	2.390780299e-10
0.0192	7.077852041e-11
0.0198	2.064236964e-11
0.0204	5.938370052e-12
0.021	1.687163042e-12
0.0216	4.739584298e-13
0.0222	1.317974306e-13
0.0228	3.631834378e-14
0.0234	9.927625737e-15
0.024	2.694586306e-15
0.0246	7.268967671e-16
0.0252	1.950625173e-16
0.0258	5.211493949e-17
0.0264	1.387348986e-17
0.027	3.682760058e-18
0.0276	9.755206675e-19
0.0282	2.580290322e-19
0.0288	6.819406943e-20
0.0294	1.801902448e-20
0.03	4.762858924e-21
0.0306	1.260045279e-21
0.0312	3.338124252e-22
0.0318	8.859699862e-23
0.0324	2.356811698e-23
0.033	6.286325642e-24
0.0336	1.681898839e-24
0.0342	4.51530911e-25
0.0348	1.216753532e-25
0.0354	3.292137563e-26
0.036	8.946159316e-27
0.0366	2.442263385e-27
0.0372	6.699630482e-28
0.0378	1.847178047e-28
0.0384	5.119830249e-29
0.039	1.426833472e-29
0.0396	3.998868026e-30
0.0402	1.127237785e-30
0.0408	3.196474078e-31
0.0414	9.119284089e-32
0.042	2.617794239e-32
0.0426	7.562086816e-33
0.0432	2.198470194e-33
0.0438	6.432934776e-34
0.0444	1.894697987e-34
0.045	5.617483189e-35
0.0456	1.676638556e-35
0.0462	5.037956838e-36
0.0468	1.524070085e-36
0.0474	4.642009828e-37
0.048	1.423541226e-37
0.0486	4.395481942e-38
0.0492	1.366540456e-38
0.0498	4.277822704e-39
0.0504	1.348372671e-39
0.051	4.279416212e-40
0.0516	1.36755627e-40
0.0522	4.400366854e-41
0.0528	1.425643199e-41
0.0534	4.650555761e-42
0.054	1.527436882e-42
0.0546	5.050997531e-43
0.0552	1.681652894e-43
0.0558	5.636761013e-44
0.0564	1.902149543e-44
0.057	6.462018991e-45
0.0576	2.209969266e-45
0.0582	7.608232262e-46
0.0588	2.636605625e-46
0.0594	9.197168826e-47
0.06	3.22919143e-47
0.0606	1.141160133e-47
0.0612	4.058771212e-48
0.0618	1.452845017e-48
0.0624	5.233616386e-49
0.063	1.897243796e-49
0.0636	6.920914732e-50
0.0642	2.540405899e-50
0.0648	9.382571436e-51
0.0654	3.486578697e-51
0.066	1.303513005e-51
0.0666	4.902853097e-52
0.0672	1.85515065e-52
0.0678	7.06131091e-53
0.0684	2.703624063e-53
0.069	1.041216375e-53
0.0696	4.033185929e-54
0.0702	1.571255767e-54
0.0708	6.156242528e-55
0.0714	2.425680305e-55
0.072	9.611235913e-56
0.0726	3.829407721e-56
0.0732	1.534156212e-56
0.0738	6.179767343e-57
0.0744	2.502754601e-57
0.075	1.019030367e-57
0.0756	4.171170082e-58
0.0762	1.716365933e-58
0.0768	7.099413819e-59
0.0774	2.951720511e-59
0.078	1.233524408e-59
0.0786	5.181074034e-60
0.0792	2.187113291e-60
0.0798	9.27859513e-61
0.0804	3.955786159e-61
0.081	1.694741034e-61
0.0816	7.295823345e-62
0.0822	3.155922458e-62
0.0828	1.37164008e-62
0.0834	5.989585627e-63
0.084	2.627708932e-63
0.0846	1.158144821e-63
0.0852	5.127846835e-64
0.0858	2.280737906e-64
0.0864	1.018979962e-64
0.087	4.572858579e-65
0.0876	2.061217721e-65
0.0882	9.331602138e-66
0.0888	4.242943611e-66
0.0894	1.937490711e-66
0.09	8.884973094e-67
0.0906	4.091661447e-67
0.0912	1.892140997e-67
0.0918	8.786195065e-68
0.0924	4.096615593e-68
0.093	1.917830721e-68
0.0936	9.014462605e-69
0.0942	4.254004288e-69
0.0948	2.015434484e-69
0.0954	9.585978792e-70
0.096	4.57705114e-70
0.0966	2.193821359e-70
0.0972	1.055523213e-70
0.0978	5.097653973e-71
0.0984	2.47112161e-71
0.099	1.20233203e-71
0.0996	5.871468533e-72
0.1002	2.877708052e-72
0.1008	1.415501094e-72
0.1014	6.987521166e-73
0.102	3.46155819e-73
0.1026	1.720845924e-73
0.1032	8.584610994e-74
0.1038	4.297284601e-74
0.1044	2.158485878e-74
0.105	1.087859442e-74
0.1056	5.501129493e-75
0.1062	2.791088675e-75
0.1068	1.420775321e-75
0.1074	7.255956008e-76
0.108	3.717653823e-76
0.1086	1.910891668e-76
0.1092	9.853349376e-77
0.1098	5.096833091e-77
0.1104	2.644684133e-77
0.111	1.376551183e-77
0.1116	7.186947862e-78
0.1122	3.76373252e-78
0.1128	1.97698701e-78
0.1134	1.041570076e-78
0.114	5.503788307e-79
0.1146	2.91683965e-79
0.1152	1.550351513e-79
0.1158	8.26425848e-80
0.1164	4.417973666e-80
0.117	2.368521941e-80
0.1176	1.273375297e-80
0.1182	6.86514831e-81
0.1188	3.71148588e-81
0.1194	2.012056124e-81
0.12	1.093746997e-81
0.1206	5.961676245e-82
0.1212	3.258254224e-82
0.1218	1.785488488e-82
0.1224	9.81013986e-83
0.123	5.404183092e-83
0.1236	2.984780357e-83
0.1242	1.652772315e-83
0.1248	9.175356978e-84
0.1254	5.106616685e-84
0.126	2.849279532e-84
0.1266	1.593747886e-84
0.1272	8.936723114e-85
0.1278	5.023455365e-85
0.1284	2.830635171e-85
0.129	1.598873071e-85
0.1296	9.052833659e-86
0.1302	5.13792039e-86
0.1308	2.92290286e-86
0.1314	1.666700502e-86
0.132	9.525965414e-87
0.1326	5.457086635e-87
0.1332	3.133324384e-87
0.1338	1.803162478e-87
0.1344	1.040020193e-87
0.135	6.011994621e-88
0.1356	3.483035268e-88
0.1362	2.022331246e-88
0.1368	1.176778095e-88
0.1374	6.86242377e-89
0.138	4.010458717e-89
0.1386	2.348751595e-89
0.1392	1.3784775e-89
0.1398	8.107275679e-90
0.1404	4.778108928e-90
0.141	2.821865114e-90
0.1416	1.669970798e-90
0.1422	9.903012294e-91
0.1428	5.88443861e-91
0.1434	3.503608416e-91
0.144	2.090222356e-91
0.1446	1.249480497e-91
0.1452	7.483767199e-92
0.1458	4.491161202e-92
0.1464	2.70046443e-92
0.147	1.626872962e-92
0.1476	9.819698781e-93
0.1482	5.938353922e-93
0.1488	3.597919812e-93
0.1494	2.183979391e-93
0.15	1.328163277e-93
0.1506	8.091975463e-94
0.1512	4.939149154e-94
0.1518	3.020220254e-94
0.1524	1.850156354e-94
0.153	1.135418839e-94
0.1536	6.98033346e-95
0.1542	4.298958668e-95
0.1548	2.65223538e-95
0.1554	1.63914463e-95
0.156	1.014784153e-95
0.1566	6.293266085e-96
0.1572	3.909483682e-96
0.1578	2.432755897e-96
0.1584	1.516381434e-96
0.159	9.467693791e-97
0.1596	5.921078817e-97
0.1602	3.70914231e-97
0.1608	2.327326607e-97
0.1614	1.462674103e-97
0.162	9.207452145e-98
0.1626	5.805349037e-98
0.1632	3.666144017e-98
0.1638	2.318880788e-98
0.1644	1.469029373e-98
0.165	9.320971419e-99
0.1656	5.923331507e-99
0.1662	3.769993809e-99
0.1668	2.403148345e-99
0.1674	1.534198386e-99
0.168	9.80932566e-100
0.1686	6.281295253e-100
0.1692	4.02816693e-100
0.1698	2.587079179e-100
0.1704	1.663994331e-100
0.171	1.071839393e-100
0.1716	6.914157448e-101
0.1722	4.46659381e-101
0.1728	2.889597155e-101
0.1734	1.872051658e-101
0.174	1.21454642e-101
0.1746	7.890822618e-102
0.1752	5.133794304e-102
0.1758	3.344712931e-102
0.1764	2.182125145e-102
0.177	1.425598166e-102
0.1776	9.326260824e-103
0.1782	6.109522362e-103
0.1788	4.007675821e-103
0.1794	2.632448708e-103
0.18	1.731432939e-103
0.1806	1.140318855e-103
0.1812	7.520007727e-104
0.1818	4.965673164e-104
0.1824	3.283238112e-104
0.183	2.173639945e-104
0.1836	1.440888622e-104
0.1842	9.563732694e-105
0.1848	6.355874595e-105
0.1854	4.229322228e-105
0.186	2.817802267e-105
0.1866	1.87971188e-105
0.1872	1.255480198e-105
0.1878	8.395818891e-106
0.1884	5.621441579e-106
0.189	3.768431681e-106
0.1896	2.529290901e-106
0.1902	1.69964813e-106
0.1908	1.143505619e-106
0.1914	7.702533458e-107
0.192	5.194477667e-107
0.1926	3.50719723e-107
0.1932	2.370748876e-107
0.1938	1.604408825e-107
0.1944	1.087040556e-107
0.195	7.373518683e-108
0.1956	5.007250229e-108
0.1962	3.404210773e-108
0.1968	2.316986016e-108
0.1974	1.578764741e-108
0.198	1.076950381e-108
0.1986	7.354539702e-109
0.1992	5.027986529e-109
0.1998	3.441191351e-109
0.2004	2.357745762e-109
0.201	1.617170841e-109
0.2016	1.110409013e-109
0.2022	7.632654276e-110
0.2028	5.252077807e-110
0.2034	3.617821125e-110
0.204	2.494714555e-110
0.2046	1.722066569e-110
0.2052	1.189958481e-110
0.2058	8.231215898e-111
0.2064	5.699595339e-111
0.207	3.950658139e-111
0.2076	2.741181864e-111
0.2082	1.903911743e-111
0.2088	1.323713353e-111
0.2094	9.21248709e-112
0.21	6.417905064e-112
0.2106	4.475492218e-112
0.2112	3.124043924e-112
0.2118	2.182830271e-112
0.2124	1.526676561e-112
0.213	1.068799104e-112
0.2136	7.489707466e-113
0.2142	5.253529014e-113
0.2148	3.688524843e-113
0.2154	2.592193385e-113
0.216	1.823446461e-113
0.2166	1.283888803e-113
0.2172	9.048330227e-114
0.2178	6.382840397e-114
0.2184	4.506734068e-114
0.219	3.185005538e-114
0.2196	2.252976637e-114
0.2202	1.595142042e-114
0.2208	1.13041046e-114
0.2214	8.017982008e-115
0.222	5.692251462e-115
0.2226	4.044745207e-115
0.2232	2.876632411e-115
0.2238	2.047678213e-115
0.2244	1.458885595e-115
0.225	1.040305776e-115
0.2256	7.424703336e-116
0.2262	5.303634823e-116
0.2268	3.791775682e-116
0.2274	2.713215529e-116
0.228	1.943106999e-116
0.2286	1.392765655e-116
0.2292	9.991402412e-117
0.2298	7.173648536e-117
0.2304	5.154863472e-117
0.231	3.707284085e-117
0.2316	2.668421342e-117
0.2322	1.922255043e-117
0.2328	1.385874535e-117
0.2334	9.999801394e-118
0.234	7.221237874e-118
0.2346	5.218948617e-118
0.2352	3.774885405e-118
0.2358	2.732575721e-118
0.2364	1.979641882e-118
0.237	1.435308911e-118
0.2376	1.04147005e-118
0.2382	7.562914563e-119
0.2388	5.496306825e-119
0.2394	3.997518483e-119
0.24	2.909685922e-119
0.2406	2.119513858e-119
0.2412	1.545109738e-119
0.2418	1.127233113e-119
0.2424	8.22996357e-120
0.243	6.013264321e-120
0.2436	4.396927779e-120
0.2442	3.217462455e-120
0.2448	2.35614076e-120
0.2454	1.726676779e-120
0.246	1.266314059e-120
0.2466	9.293747644e-121
0.2472	6.825868284e-121
0.2478	5.016964589e-121
0.2484	3.690105694e-121
0.249	2.716125027e-121
0.2496	2.000656107e-121
0.2502	1.474705942e-121
0.2508	1.087795575e-121
0.2514	8.029649732e-122
0.252	5.931328282e-122
0.2526	4.384418201e-122
0.2532	3.243211291e-122
0.2538	2.400713843e-122
0.2544	1.778304232e-122
0.255	1.318168346e-122
0.2556	9.777627641e-123
0.2562	7.257592282e-123
0.2568	5.390719846e-123
0.2574	4.00677316e-123
0.258	2.980130152e-123
0.2586	2.218027272e-123
0.2592	1.651917704e-123
0.2598	1.231114705e-123
0.2604	9.18112571e-124
0.261	6.851400881e-124
0.2616	5.1162009e-124
0.2622	3.822956082e-124
0.2628	2.858467691e-124
0.2634	2.138692204e-124
0.264	1.601190747e-124
0.2646	1.199544654e-124
0.2652	8.992223935e-125
0.2658	6.745186235e-125
0.2664	5.062857606e-125
0.267	3.802517523e-125
0.2676	2.857717491e-125
0.2682	2.14901151e-125
0.2688	1.617068434e-125
0.2694	1.217550838e-125
0.27	9.173048703e-126
0.2706	6.915236496e-126
0.2712	5.216341032e-126
0.2718	3.937217295e-126
0.2724	2.973556076e-126
0.273	2.247113989e-126
0.2736	1.69916355e-126
0.2742	1.285598233e-126
0.2748	9.732720594e-127
0.2754	7.372606561e-127
0.276	5.588105408e-127
0.2766	4.238027508e-127
0.2772	3.216011048e-127
0.2778	2.441882751e-127
0.2784	1.855173526e-127
0.279	1.410248588e-127
0.2796	1.072647854e-127
0.2802	8.163341843e-128
0.2808	6.216230159e-128
0.2814	4.736237268e-128
0.282	3.610655535e-128
0.2826	2.754126557e-128
0.2832	2.101967271e-128
0.2838	1.605133747e-128
0.2844	1.226418595e-128
0.285	9.375781181e-129
0.2856	7.171606487e-129
0.2862	5.488639602e-129
0.2868	4.202921532e-129
0.2874	3.220143212e-129
0.288	2.468513292e-129
0.2886	1.893351193e-129
0.2892	1.45298577e-129
0.2898	1.115642571e-129
0.2904	8.57080059e-130
0.291	6.587935956e-130
0.2916	5.066500445e-130
0.2922	3.898491755e-130
0.2928	3.001332135e-130
0.2934	2.311849137e-130
0.294	1.781689462e-130
0.2946	1.373822811e-130
0.2952	1.059875203e-130
0.2958	8.180938885e-131
0.2964	6.317934077e-131
0.297	4.881684171e-131
0.2976	3.773862225e-131
0.2982	2.918927508e-131
0.2988	2.25881478e-131
0.2994	1.748868346e-131
0.3	1.354727497e-131
0.3006	1.049939461e-131
0.3012	8.141289758e-132
0.3018	6.315939603e-132
0.3024	4.902275269e-132
0.303	3.806900795e-132
0.3036	2.957731467e-132
0.3042	2.299102963e-132
0.3048	1.78800934e-132
0.3054	1.391207843e-132
0.306	1.082989681e-132
0.3066	8.43462709e-133
0.3072	6.57227798e-133
0.3078	5.123581392e-133
0.3084	3.996117468e-133
0.309	3.118235851e-133
0.3096	2.434361124e-133
0.3102	1.901365469e-133
0.3108	1.485764531e-133
0.3114	1.161548611e-133
0.312	9.08504435e-134
0.3126	7.109158794e-134
0.3132	5.565576116e-134
0.3138	4.359152255e-134
0.3144	3.415806063e-134
0.315	2.677829285e-134
0.3156	2.100246873e-134
0.3162	1.647991067e-134
0.3168	1.293706254e-134
0.3174	1.016043018e-134
0.318	7.98331723e-135
0.3186	6.275507247e-135
0.3192	4.935233763e-135
0.3198	3.882928176e-135
0.3204	3.056349515e-135
0.321	2.406788944e-135
0.3216	1.896110449e-135
0.3222	1.494442449e-135
0.3228	1.178376326e-135
0.3234	9.295599139e-136
0.324	7.335988594e-136
0.3246	5.791980773e-136
0.3252	4.574905255e-136
0.3258	3.615121972e-136
0.3264	2.857912941e-136
0.327	2.260266045e-136
0.3276	1.788356064e-136
0.3282	1.415570915e-136
0.3288	1.12096441e-136
0.3294	8.880428499e-137
0.33	7.038129884e-137
0.3306	5.580347534e-137
0.3312	4.426344287e-137
0.3318	3.51243643e-137
0.3324	2.788370372e-137
0.333	2.214473671e-137
0.3336	1.759413949e-137
0.3342	1.39843526e-137
0.3348	1.111969578e-137
0.3354	8.845431707e-138
0.336	7.039148648e-138
0.3366	5.603967439e-138
0.3372	4.463184364e-138
0.3378	3.556044635e-138
0.3384	2.834406478e-138
0.339	2.260107072e-138
0.3396	1.802881805e-138
0.3402	1.438719946e-138
0.3408	1.148564667e-138
0.3414	9.17284875e-139
0.342	7.328616959e-139
0.3426	5.857445339e-139
0.3432	4.683411516e-139
0.3438	3.74613716e-139
0.3444	2.997586598e-139
0.345	2.39952867e-139
0.3456	1.921523605e-139
0.3462	1.539325693e-139
0.3468	1.233615355e-139
0.3474	9.889923044e-140
0.348	7.931757018e-140
0.3486	6.363685136e-140
0.3492	5.107521571e-140
0.3498	4.100845753e-140
0.3504	3.293804473e-140
0.351	2.646566503e-140
0.3516	2.127295818e-140
0.3522	1.710537126e-140
0.3528	1.37592935e-140
0.3534	1.107180037e-140
0.354	8.912474782e-141
0.3546	7.176882108e-141
0.3552	5.781362751e-141
0.3558	4.658874568e-141
0.3564	3.755672289e-141
0.357	3.028654418e-141
0.3576	2.443242652e-141
0.3582	1.971686309e-141
0.3588	1.591706072e-141
0.3594	1.285408757e-141
0.36	1.038418611e-141
0.3606	8.391816911e-142
0.3612	6.784086374e-142
0.3618	5.486281339e-142
0.3624	4.438289493e-142
0.363	3.591728773e-142
0.3636	2.907644522e-142
0.3642	2.354661434e-142
0.3648	1.907499939e-142
0.3654	1.545784743e-142
0.366	1.253087633e-142
0.3666	1.016158231e-142
0.3672	8.243055607e-143
0.3678	6.689006898e-143
0.3684	5.429765992e-143
0.369	4.409061646e-143
0.3696	3.58142906e-143
0.3702	2.910122009e-143
0.3708	2.365430781e-143
0.3714	1.923326586e-143
0.372	1.564368689e-143
0.3726	1.272823046e-143
0.3732	1.035951276e-143
0.3738	8.43436836e-144
0.3744	6.869217802e-144
0.375	5.596326604e-144
0.3756	4.560783089e-144
0.3762	3.718056134e-144
0.3768	3.032020879e-144
0.3774	2.473362184e-144
0.378	2.01828315e-144
0.3786	1.647460038e-144
0.3792	1.345196315e-144
0.3798	1.098737649e-144
0.3804	8.977170507e-145
0.381	7.337052849e-145
0.3816	5.998464646e-145
0.3822	4.905625852e-145
0.3828	4.013138826e-145
0.3834	3.284044031e-145
0.384	2.688242052e-145
0.3846	2.201212486e-145
0.3852	1.802973534e-145
0.3858	1.477236784e-145
0.3864	1.210720357e-145
0.387	9.9259056e-146
0.3876	8.140078569e-146
0.3882	6.677575568e-146
0.3888	5.479493102e-146
0.3894	4.4977252e-146
0.39	3.692971993e-146
0.3906	3.03311781e-146
0.3912	2.49190981e-146
0.3918	2.047881134e-146
0.3924	1.683473038e-146
0.393	1.384319041e-146
0.3936	1.138660987e-146
0.3942	9.368725765e-147
0.3948	7.710704624e-147
0.3954	6.347967293e-147
0.396	5.227595658e-147
0.3966	4.30621405e-147
0.3972	3.548257913e-147
0.3978	2.924558502e-147
0.3984	2.4111856e-147
0.399	1.988500906e-147
0.3996	1.640383528e-147
0.4002	1.353596096e-147
0.4008	1.117265807e-147
0.4014	9.224594389e-148
0.402	7.618352166e-148
0.4026	6.293575446e-148
0.4032	5.200631887e-148
0.4038	4.298695685e-148
0.4044	3.554175324e-148
0.405	2.939423739e-148
0.4056	2.43167986e-148
0.4062	2.01219978e-148
0.4068	1.665543367e-148
0.4074	1.378988338e-148
0.408	1.142048884e-148
0.4086	9.460800858e-149
0.4092	7.839527194e-149
0.4098	6.497858663e-149
0.4104	5.387269834e-149
0.411	4.467709592e-149
0.4116	3.706112025e-149
0.4122	3.075170594e-149
0.4128	2.552328743e-149
0.4134	2.118948509e-149
0.414	1.759625538e-149
0.4146	1.461624586e-149
0.4152	1.214414161e-149
0.4158	1.009282813e-149
0.4164	8.390226349e-150
0.417	6.976681483e-150
0.4176	5.80280811e-150
0.4182	4.827711341e-150
0.4188	4.017517994e-150
0.4194	3.344163455e-150
0.42	2.784389415e-150
0.4206	2.318915617e-150
0.4212	1.93175522e-150
0.4218	1.609648713e-150
0.4224	1.341595733e-150
0.423	1.118467752e-150
0.4236	9.32687577e-151
0.4242	7.779640599e-151
0.4248	6.490724628e-151
0.4254	5.416725605e-151
0.426	4.521579628e-151
0.4266	3.775312639e-151
0.4272	3.153005646e-151
0.4278	2.633936865e-151
0.4284	2.200870344e-151
0.429	1.839465902e-151
0.4296	1.537789575e-151
0.4302	1.285907335e-151
0.4308	1.075547832e-151
0.4314	8.998223688e-152
0.432	7.529923214e-152
0.4326	6.302759335e-152
0.4332	5.276877647e-152
0.4338	4.41905247e-152
0.4344	3.701577417e-152
0.435	3.101342803e-152
0.4356	2.599068229e-152
0.4362	2.178664084e-152
0.4368	1.826700171e-152
0.4374	1.53196338e-152
0.438	1.285089385e-152
0.4386	1.078255906e-152
0.4392	9.049271797e-153
0.4398	7.596410383e-153
0.4404	6.378314462e-153
0.441	5.35680554e-153
0.4416	4.499953297e-153
0.4422	3.781046592e-153
0.4428	3.177734989e-153
0.4434	2.671312372e-153
0.444	2.246118979e-153
0.4446	1.889042166e-153
0.4452	1.589099499e-153
0.4458	1.33709051e-153
0.4464	1.125305736e-153
0.447	9.472835677e-154
0.4476	7.976069987e-154
0.4482	6.717336838e-154
0.4488	5.658538202e-154
0.4494	4.767712653e-154
0.45	4.018040667e-154
0.4506	3.387012182e-154
0.4512	2.855729756e-154
0.4518	2.408325119e-154
0.4524	2.031470539e-154
0.453	1.713969506e-154
0.4536	1.446413774e-154
0.4542	1.220895939e-154
0.4548	1.030768504e-154
0.4554	8.704418628e-155
0.456	7.352148812e-155
0.4566	6.211327779e-155
0.4572	5.248678835e-155
0.4578	4.436195686e-155
0.4584	3.750302416e-155
0.459	3.17114819e-155
0.4596	2.682014947e-155
0.4602	2.268819865e-155
0.4608	1.919697332e-155
0.4614	1.624647654e-155
0.462	1.375241773e-155
0.4626	1.164372995e-155
0.4632	9.86048225e-156
0.4638	8.35212358e-156
0.4644	7.076005394e-156
0.465	5.996138429e-156
0.4656	5.082146294e-156
0.4662	4.308384517e-156
0.4668	3.653198743e-156
0.4674	3.098299943e-156
0.468	2.62823808e-156
0.4686	2.229958608e-156
0.4692	1.892428695e-156
0.4698	1.60632213e-156
0.4704	1.363753657e-156
0.471	1.158054913e-156
0.4716	9.835854422e-157
0.4722	8.355732329e-157
0.4728	7.099801545e-157
0.4734	6.033883756e-157
0.474	5.129044716e-157
0.4746	4.360784504e-157
0.4752	3.708353606e-157
0.4758	3.154175143e-157
0.4764	2.683356675e-157
0.477	2.283277598e-157
0.4776	1.943240367e-157
0.4782	1.654175598e-157
0.4788	1.408392677e-157
0.4794	1.199368816e-157
0.48	1.021570584e-157
0.4806	8.703028834e-158
0.4812	7.415811292e-158
0.4818	6.320230378e-158
0.4824	5.387570025e-158
0.483	4.59344495e-158
0.4836	3.917143328e-158
0.4842	3.341069876e-158
0.4848	2.850273897e-158
0.4854	2.432049249e-158
0.486	2.075595214e-158
0.4866	1.771728926e-158
0.4872	1.512641476e-158
0.4878	1.291691025e-158
0.4884	1.103227261e-158
0.489	9.424424269e-159
0.4896	8.052448798e-159
0.4902	6.881517396e-159
0.4908	5.881977353e-159
0.4914	5.028577865e-159
0.492	4.299812386e-159
0.4926	3.677359851e-159
0.4932	3.145609824e-159
0.4938	2.691258878e-159
0.4944	2.302967466e-159
0.495	1.971068138e-159
0.4956	1.6873174e-159
0.4962	1.444684623e-159
0.4968	1.237172447e-159
0.4974	1.059663946e-159
0.498	9.077925516e-160
0.4986	7.778313041e-160
0.4992	6.665985649e-160
0.4998	5.71377711e-160
0.5004	4.898487333e-160
0.501	4.200299594e-160
0.5016	3.602283952e-160
0.5022	3.089974008e-160
0.5028	2.651006118e-160
0.5034	2.274811777e-160
0.504	1.952355293e-160
0.5046	1.675910043e-160
0.5052	1.438867592e-160
0.5058	1.23557483e-160
0.5064	1.061194977e-160
0.507	9.115889387e-161
0.5076	7.832140221e-161
0.5082	6.730374437e-161
0.5088	5.784624633e-161
0.5094	4.972652865e-161
0.51	4.27541156e-161
0.5106	3.67658285e-161
0.5112	3.162184853e-161
0.5118	2.720235103e-161
0.5124	2.340462784e-161
0.513	2.014062645e-161
0.5136	1.733484529e-161
0.5142	1.492253307e-161
0.5148	1.28481483e-161
0.5154	1.106404077e-161
0.516	9.529323214e-162
0.5166	8.208905149e-162
0.5172	7.072665775e-162
0.5178	6.094745564e-162
0.5184	5.252939507e-162
0.519	4.528177307e-162
0.5196	3.904077976e-162
0.5202	3.366568134e-162
0.5208	2.903554822e-162
0.5214	2.504645012e-162
0.522	2.160905094e-162
0.5226	1.864654612e-162
0.5232	1.609289338e-162
0.5238	1.389129488e-162
0.5244	1.199289478e-162
0.525	1.035566156e-162
0.5256	8.943428541e-163
0.5262	7.725070265e-163
0.5268	6.673795219e-163
0.5274	5.766538464e-163
0.528	4.983439918e-163
0.5286	4.307396147e-163
0.5292	3.72367525e-163
0.5298	3.219585888e-163
0.5304	2.784192801e-163
0.531	2.408072245e-163
0.5316	2.083101705e-163
0.5322	1.802279051e-163
0.5328	1.559566993e-163
0.5334	1.34975927e-163
0.534	1.168365512e-163
0.5346	1.011512163e-163
0.5352	8.758572007e-164
0.5358	7.585167228e-164
0.5364	6.570017409e-164
0.537	5.691637497e-164
0.5376	4.931478466e-164
0.5382	4.273523484e-164
0.5388	3.703939981e-164
0.5394	3.210779834e-164
0.54	2.78372097e-164
0.5406	2.413844632e-164
0.5412	2.093443346e-164
0.5418	1.815855343e-164
0.5424	1.575321759e-164
0.543	1.36686346e-164
0.5436	1.186174779e-164
0.5442	1.029531832e-164
0.5448	8.937133947e-165
0.5454	7.75932606e-165
0.546	6.737780172e-165
0.5466	5.851626895e-165
0.5472	5.082802394e-165
0.5478	4.415668764e-165
0.5484	3.836686099e-165
0.549	3.334129191e-165
0.5496	2.897842716e-165
0.5502	2.519029672e-165
0.5508	2.190068512e-165
0.5514	1.904355047e-165
0.552	1.656165759e-165
0.5526	1.440539597e-165
0.5532	1.253175735e-165
0.5538	1.090345137e-165
0.5544	9.488140387e-166
0.555	8.25777737e-166
0.5556	7.188032903e-166
0.5562	6.25779918e-166
0.5568	5.448760623e-166
0.5574	4.745022089e-166
0.558	4.132786916e-166
0.5586	3.600078063e-166
0.5592	3.13649655e-166
0.5598	2.733012175e-166
0.5604	2.381782164e-166
0.561	2.07599401e-166
0.5616	1.809729241e-166
0.5622	1.577845322e-166
0.5628	1.375873264e-166
0.5634	1.19992882e-166
0.564	1.046635479e-166
0.5646	9.130576564e-167
0.5652	7.9664274e-167
0.5658	6.951707986e-167
0.5664	6.067109393e-167
0.567	5.295834272e-167
0.5676	4.623268018e-167
0.5682	4.03669327e-167
0.5688	3.525041993e-167
0.5694	3.078680173e-167
0.57	2.689220795e-167
0.5706	2.349361376e-167
0.5712	2.052742802e-167
0.5718	1.793826654e-167
0.5724	1.567788599e-167
0.573	1.370425712e-167
0.5736	1.198075908e-167
0.5742	1.04754789e-167
0.5748	9.160602236e-168
0.5754	8.011883557e-168
0.576	7.008185188e-168
0.5766	6.131076334e-168
0.5772	5.364484147e-168
0.5778	4.694390077e-168
0.5784	4.108565581e-168
0.579	3.596342054e-168
0.5796	3.148410521e-168
0.5802	2.756647223e-168
0.5808	2.413961723e-168
0.5814	2.114164601e-168
0.582	1.851852203e-168
0.5826	1.622306228e-168
0.5832	1.421406232e-168
0.5838	1.245553372e-168
0.5844	1.091603942e-168
0.585	9.56811433e-169
0.5856	8.38776019e-169
0.5862	7.354005056e-169
0.5868	6.448519156e-169
0.5874	5.655279812e-169
0.588	4.960279138e-169
0.5886	4.35126902e-169
0.5892	3.817538571e-169
0.5898	3.349719935e-169
0.5904	2.939618762e-169
0.591	2.580066241e-169
0.5916	2.264789899e-169
0.5922	1.988300788e-169
0.5928	1.745794968e-169
0.5934	1.53306745e-169
0.594	1.34643703e-169
0.5946	1.182680609e-169
0.5952	1.038975812e-169
0.5958	9.128508337e-170
0.5964	8.021406055e-170
0.597	7.04948482e-170
0.5976	6.196127404e-170
0.5982	5.446772898e-170
0.5988	4.788660571e-170
0.5994	4.210605836e-170
