-0.6	1.774987726e-09
-0.5994	1.782105162e-09
-0.5988	1.789258307e-09
-0.5982	1.796447379e-09
-0.5976	1.803672592e-09
-0.597	1.810934167e-09
-0.5964	1.818232321e-09
-0.5958	1.825567277e-09
-0.5952	1.832939258e-09
-0.5946	1.840348488e-09
-0.594	1.847795193e-09
-0.5934	1.8552796e-09
-0.5928	1.86280194e-09
-0.5922	1.870362443e-09
-0.5916	1.877961342e-09
-0.591	1.88559887e-09
-0.5904	1.893275264e-09
-0.5898	1.900990761e-09
-0.5892	1.908745601e-09
-0.5886	1.916540025e-09
-0.588	1.924374275e-09
-0.5874	1.932248595e-09
-0.5868	1.940163233e-09
-0.5862	1.948118435e-09
-0.5856	1.956114452e-09
-0.585	1.964151535e-09
-0.5844	1.972229938e-09
-0.5838	1.980349915e-09
-0.5832	1.988511724e-09
-0.5826	1.996715624e-09
-0.582	2.004961874e-09
-0.5814	2.013250739e-09
-0.5808	2.021582482e-09
-0.5802	2.02995737e-09
-0.5796	2.038375671e-09
-0.579	2.046837656e-09
-0.5784	2.055343597e-09
-0.5778	2.063893768e-09
-0.5772	2.072488446e-09
-0.5766	2.081127908e-09
-0.576	2.089812435e-09
-0.5754	2.09854231e-09
-0.5748	2.107317816e-09
-0.5742	2.116139241e-09
-0.5736	2.125006873e-09
-0.573	2.133921003e-09
-0.5724	2.142881924e-09
-0.5718	2.15188993e-09
-0.5712	2.160945319e-09
-0.5706	2.17004839e-09
-0.57	2.179199445e-09
-0.5694	2.188398788e-09
-0.5688	2.197646725e-09
-0.5682	2.206943564e-09
-0.5676	2.216289616e-09
-0.567	2.225685193e-09
-0.5664	2.235130612e-09
-0.5658	2.244626189e-09
-0.5652	2.254172245e-09
-0.5646	2.263769101e-09
-0.564	2.273417084e-09
-0.5634	2.283116519e-09
-0.5628	2.292867736e-09
-0.5622	2.302671069e-09
-0.5616	2.31252685e-09
-0.561	2.322435418e-09
-0.5604	2.332397111e-09
-0.5598	2.342412273e-09
-0.5592	2.352481247e-09
-0.5586	2.362604382e-09
-0.558	2.372782026e-09
-0.5574	2.383014534e-09
-0.5568	2.393302259e-09
-0.5562	2.40364556e-09
-0.5556	2.414044798e-09
-0.555	2.424500336e-09
-0.5544	2.435012539e-09
-0.5538	2.445581778e-09
-0.5532	2.456208424e-09
-0.5526	2.466892851e-09
-0.552	2.477635437e-09
-0.5514	2.488436562e-09
-0.5508	2.499296609e-09
-0.5502	2.510215965e-09
-0.5496	2.521195018e-09
-0.549	2.532234161e-09
-0.5484	2.543333788e-09
-0.5478	2.554494299e-09
-0.5472	2.565716093e-09
-0.5466	2.576999575e-09
-0.546	2.588345154e-09
-0.5454	2.599753238e-09
-0.5448	2.611224242e-09
-0.5442	2.622758583e-09
-0.5436	2.63435668e-09
-0.543	2.646018958e-09
-0.5424	2.657745843e-09
-0.5418	2.669537764e-09
-0.5412	2.681395156e-09
-0.5406	2.693318454e-09
-0.54	2.705308099e-09
-0.5394	2.717364535e-09
-0.5388	2.729488208e-09
-0.5382	2.741679568e-09
-0.5376	2.753939071e-09
-0.537	2.766267173e-09
-0.5364	2.778664335e-09
-0.5358	2.791131023e-09
-0.5352	2.803667704e-09
-0.5346	2.816274851e-09
-0.534	2.82895294e-09
-0.5334	2.84170245e-09
-0.5328	2.854523864e-09
-0.5322	2.86741767e-09
-0.5316	2.880384359e-09
-0.531	2.893424425e-09
-0.5304	2.906538368e-09
-0.5298	2.91972669e-09
-0.5292	2.932989898e-09
-0.5286	2.946328503e-09
-0.528	2.95974302e-09
-0.5274	2.973233968e-09
-0.5268	2.986801869e-09
-0.5262	3.000447252e-09
-0.5256	3.014170648e-09
-0.525	3.027972593e-09
-0.5244	3.041853627e-09
-0.5238	3.055814293e-09
-0.5232	3.069855142e-09
-0.5226	3.083976727e-09
-0.522	3.098179604e-09
-0.5214	3.112464337e-09
-0.5208	3.126831492e-09
-0.5202	3.14128164e-09
-0.5196	3.155815358e-09
-0.519	3.170433226e-09
-0.5184	3.185135829e-09
-0.5178	3.199923757e-09
-0.5172	3.214797606e-09
-0.5166	3.229757975e-09
-0.516	3.244805468e-09
-0.5154	3.259940696e-09
-0.5148	3.275164273e-09
-0.5142	3.290476818e-09
-0.5136	3.305878956e-09
-0.513	3.321371318e-09
-0.5124	3.336954536e-09
-0.5118	3.352629253e-09
-0.5112	3.368396114e-09
-0.5106	3.384255768e-09
-0.51	3.400208873e-09
-0.5094	3.416256089e-09
-0.5088	3.432398085e-09
-0.5082	3.448635531e-09
-0.5076	3.464969107e-09
-0.507	3.481399497e-09
-0.5064	3.497927389e-09
-0.5058	3.514553478e-09
-0.5052	3.531278467e-09
-0.5046	3.54810306e-09
-0.504	3.565027972e-09
-0.5034	3.582053921e-09
-0.5028	3.599181631e-09
-0.5022	3.616411834e-09
-0.5016	3.633745265e-09
-0.501	3.651182668e-09
-0.5004	3.668724793e-09
-0.4998	3.686372394e-09
-0.4992	3.704126235e-09
-0.4986	3.721987082e-09
-0.498	3.739955712e-09
-0.4974	3.758032905e-09
-0.4968	3.77621945e-09
-0.4962	3.794516141e-09
-0.4956	3.81292378e-09
-0.495	3.831443175e-09
-0.4944	3.850075142e-09
-0.4938	3.868820501e-09
-0.4932	3.887680084e-09
-0.4926	3.906654725e-09
-0.492	3.925745268e-09
-0.4914	3.944952564e-09
-0.4908	3.96427747e-09
-0.4902	3.983720852e-09
-0.4896	4.003283582e-09
-0.489	4.022966542e-09
-0.4884	4.042770617e-09
-0.4878	4.062696704e-09
-0.4872	4.082745707e-09
-0.4866	4.102918535e-09
-0.486	4.123216108e-09
-0.4854	4.143639352e-09
-0.4848	4.164189203e-09
-0.4842	4.184866603e-09
-0.4836	4.205672504e-09
-0.483	4.226607865e-09
-0.4824	4.247673654e-09
-0.4818	4.268870847e-09
-0.4812	4.290200429e-09
-0.4806	4.311663393e-09
-0.48	4.333260742e-09
-0.4794	4.354993487e-09
-0.4788	4.376862646e-09
-0.4782	4.39886925e-09
-0.4776	4.421014336e-09
-0.477	4.443298951e-09
-0.4764	4.465724152e-09
-0.4758	4.488291003e-09
-0.4752	4.511000581e-09
-0.4746	4.533853968e-09
-0.474	4.556852261e-09
-0.4734	4.579996562e-09
-0.4728	4.603287986e-09
-0.4722	4.626727656e-09
-0.4716	4.650316706e-09
-0.471	4.674056279e-09
-0.4704	4.69794753e-09
-0.4698	4.721991623e-09
-0.4692	4.746189733e-09
-0.4686	4.770543046e-09
-0.468	4.795052757e-09
-0.4674	4.819720073e-09
-0.4668	4.844546211e-09
-0.4662	4.869532402e-09
-0.4656	4.894679884e-09
-0.465	4.919989908e-09
-0.4644	4.945463737e-09
-0.4638	4.971102644e-09
-0.4632	4.996907915e-09
-0.4626	5.022880847e-09
-0.462	5.049022749e-09
-0.4614	5.075334941e-09
-0.4608	5.101818757e-09
-0.4602	5.128475541e-09
-0.4596	5.155306651e-09
-0.459	5.182313456e-09
-0.4584	5.20949734e-09
-0.4578	5.236859697e-09
-0.4572	5.264401935e-09
-0.4566	5.292125474e-09
-0.456	5.32003175e-09
-0.4554	5.348122208e-09
-0.4548	5.376398311e-09
-0.4542	5.404861532e-09
-0.4536	5.433513358e-09
-0.453	5.462355292e-09
-0.4524	5.491388849e-09
-0.4518	5.520615559e-09
-0.4512	5.550036966e-09
-0.4506	5.579654629e-09
-0.45	5.60947012e-09
-0.4494	5.639485027e-09
-0.4488	5.669700953e-09
-0.4482	5.700119516e-09
-0.4476	5.730742348e-09
-0.447	5.761571098e-09
-0.4464	5.792607429e-09
-0.4458	5.823853021e-09
-0.4452	5.85530957e-09
-0.4446	5.886978786e-09
-0.444	5.918862398e-09
-0.4434	5.950962149e-09
-0.4428	5.9832798e-09
-0.4422	6.015817129e-09
-0.4416	6.048575929e-09
-0.441	6.081558013e-09
-0.4404	6.114765208e-09
-0.4398	6.148199362e-09
-0.4392	6.181862338e-09
-0.4386	6.215756017e-09
-0.438	6.2498823e-09
-0.4374	6.284243106e-09
-0.4368	6.318840369e-09
-0.4362	6.353676047e-09
-0.4356	6.388752113e-09
-0.435	6.42407056e-09
-0.4344	6.459633401e-09
-0.4338	6.495442669e-09
-0.4332	6.531500414e-09
-0.4326	6.56780871e-09
-0.432	6.604369647e-09
-0.4314	6.641185339e-09
-0.4308	6.678257918e-09
-0.4302	6.715589538e-09
-0.4296	6.753182375e-09
-0.429	6.791038625e-09
-0.4284	6.829160505e-09
-0.4278	6.867550256e-09
-0.4272	6.90621014e-09
-0.4266	6.94514244e-09
-0.426	6.984349463e-09
-0.4254	7.023833538e-09
-0.4248	7.063597019e-09
-0.4242	7.103642282e-09
-0.4236	7.143971725e-09
-0.423	7.184587772e-09
-0.4224	7.225492872e-09
-0.4218	7.266689495e-09
-0.4212	7.308180138e-09
-0.4206	7.349967324e-09
-0.42	7.392053598e-09
-0.4194	7.434441535e-09
-0.4188	7.477133731e-09
-0.4182	7.520132811e-09
-0.4176	7.563441427e-09
-0.417	7.607062256e-09
-0.4164	7.650998003e-09
-0.4158	7.695251399e-09
-0.4152	7.739825206e-09
-0.4146	7.784722209e-09
-0.414	7.829945227e-09
-0.4134	7.875497103e-09
-0.4128	7.921380712e-09
-0.4122	7.967598956e-09
-0.4116	8.014154769e-09
-0.411	8.061051113e-09
-0.4104	8.108290982e-09
-0.4098	8.155877399e-09
-0.4092	8.203813421e-09
-0.4086	8.252102133e-09
-0.408	8.300746653e-09
-0.4074	8.349750134e-09
-0.4068	8.399115757e-09
-0.4062	8.44884674e-09
-0.4056	8.498946331e-09
-0.405	8.549417814e-09
-0.4044	8.600264507e-09
-0.4038	8.651489761e-09
-0.4032	8.703096965e-09
-0.4026	8.75508954e-09
-0.402	8.807470944e-09
-0.4014	8.860244673e-09
-0.4008	8.913414258e-09
-0.4002	8.966983267e-09
-0.3996	9.020955306e-09
-0.399	9.07533402e-09
-0.3984	9.13012309e-09
-0.3978	9.185326239e-09
-0.3972	9.240947227e-09
-0.3966	9.296989856e-09
-0.396	9.353457966e-09
-0.3954	9.41035544e-09
-0.3948	9.467686201e-09
-0.3942	9.525454215e-09
-0.3936	9.58366349e-09
-0.393	9.642318076e-09
-0.3924	9.701422068e-09
-0.3918	9.760979604e-09
-0.3912	9.820994866e-09
-0.3906	9.881472083e-09
-0.39	9.942415528e-09
-0.3894	1.000382952e-08
-0.3888	1.006571843e-08
-0.3882	1.012808666e-08
-0.3876	1.019093868e-08
-0.387	1.025427901e-08
-0.3864	1.031811219e-08
-0.3858	1.038244284e-08
-0.3852	1.044727562e-08
-0.3846	1.051261523e-08
-0.384	1.057846645e-08
-0.3834	1.064483407e-08
-0.3828	1.071172299e-08
-0.3822	1.07791381e-08
-0.3816	1.084708439e-08
-0.381	1.091556689e-08
-0.3804	1.098459068e-08
-0.3798	1.105416091e-08
-0.3792	1.112428277e-08
-0.3786	1.119496152e-08
-0.378	1.126620248e-08
-0.3774	1.133801103e-08
-0.3768	1.141039259e-08
-0.3762	1.148335266e-08
-0.3756	1.155689681e-08
-0.375	1.163103064e-08
-0.3744	1.170575985e-08
-0.3738	1.178109017e-08
-0.3732	1.185702743e-08
-0.3726	1.19335775e-08
-0.372	1.201074632e-08
-0.3714	1.20885399e-08
-0.3708	1.216696433e-08
-0.3702	1.224602575e-08
-0.3696	1.232573037e-08
-0.369	1.24060845e-08
-0.3684	1.248709449e-08
-0.3678	1.256876678e-08
-0.3672	1.265110787e-08
-0.3666	1.273412434e-08
-0.366	1.281782286e-08
-0.3654	1.290221017e-08
-0.3648	1.298729306e-08
-0.3642	1.307307844e-08
-0.3636	1.315957327e-08
-0.363	1.324678461e-08
-0.3624	1.33347196e-08
-0.3618	1.342338544e-08
-0.3612	1.351278944e-08
-0.3606	1.360293899e-08
-0.36	1.369384156e-08
-0.3594	1.378550472e-08
-0.3588	1.38779361e-08
-0.3582	1.397114345e-08
-0.3576	1.40651346e-08
-0.357	1.415991747e-08
-0.3564	1.425550007e-08
-0.3558	1.435189053e-08
-0.3552	1.444909704e-08
-0.3546	1.454712791e-08
-0.354	1.464599155e-08
-0.3534	1.474569645e-08
-0.3528	1.484625122e-08
-0.3522	1.494766457e-08
-0.3516	1.504994531e-08
-0.351	1.515310235e-08
-0.3504	1.525714474e-08
-0.3498	1.536208158e-08
-0.3492	1.546792214e-08
-0.3486	1.557467576e-08
-0.348	1.568235192e-08
-0.3474	1.579096019e-08
-0.3468	1.590051028e-08
-0.3462	1.6011012e-08
-0.3456	1.612247529e-08
-0.345	1.623491021e-08
-0.3444	1.634832694e-08
-0.3438	1.646273578e-08
-0.3432	1.657814717e-08
-0.3426	1.669457167e-08
-0.342	1.681201996e-08
-0.3414	1.693050287e-08
-0.3408	1.705003137e-08
-0.3402	1.717061653e-08
-0.3396	1.729226958e-08
-0.339	1.74150019e-08
-0.3384	1.7538825e-08
-0.3378	1.766375052e-08
-0.3372	1.778979028e-08
-0.3366	1.79169562e-08
-0.336	1.80452604e-08
-0.3354	1.817471512e-08
-0.3348	1.830533275e-08
-0.3342	1.843712587e-08
-0.3336	1.857010718e-08
-0.333	1.870428956e-08
-0.3324	1.883968606e-08
-0.3318	1.897630988e-08
-0.3312	1.911417439e-08
-0.3306	1.925329314e-08
-0.33	1.939367985e-08
-0.3294	1.953534841e-08
-0.3288	1.967831289e-08
-0.3282	1.982258753e-08
-0.3276	1.996818678e-08
-0.327	2.011512526e-08
-0.3264	2.026341777e-08
-0.3258	2.041307931e-08
-0.3252	2.056412508e-08
-0.3246	2.071657047e-08
-0.324	2.087043107e-08
-0.3234	2.102572267e-08
-0.3228	2.118246128e-08
-0.3222	2.13406631e-08
-0.3216	2.150034456e-08
-0.321	2.16615223e-08
-0.3204	2.182421316e-08
-0.3198	2.198843423e-08
-0.3192	2.215420281e-08
-0.3186	2.232153643e-08
-0.318	2.249045286e-08
-0.3174	2.266097009e-08
-0.3168	2.283310637e-08
-0.3162	2.300688018e-08
-0.3156	2.318231023e-08
-0.315	2.335941553e-08
-0.3144	2.353821528e-08
-0.3138	2.3718729e-08
-0.3132	2.390097642e-08
-0.3126	2.408497758e-08
-0.312	2.427075275e-08
-0.3114	2.44583225e-08
-0.3108	2.464770768e-08
-0.3102	2.483892941e-08
-0.3096	2.50320091e-08
-0.309	2.522696845e-08
-0.3084	2.542382948e-08
-0.3078	2.562261447e-08
-0.3072	2.582334604e-08
-0.3066	2.60260471e-08
-0.306	2.62307409e-08
-0.3054	2.643745097e-08
-0.3048	2.664620121e-08
-0.3042	2.685701581e-08
-0.3036	2.706991934e-08
-0.303	2.728493667e-08
-0.3024	2.750209303e-08
-0.3018	2.772141402e-08
-0.3012	2.794292557e-08
-0.3006	2.8166654e-08
-0.3	2.839262597e-08
-0.2994	2.862086855e-08
-0.2988	2.885140915e-08
-0.2982	2.908427561e-08
-0.2976	2.931949614e-08
-0.297	2.955709934e-08
-0.2964	2.979711425e-08
-0.2958	3.003957029e-08
-0.2952	3.028449731e-08
-0.2946	3.053192561e-08
-0.294	3.078188588e-08
-0.2934	3.10344093e-08
-0.2928	3.128952745e-08
-0.2922	3.15472724e-08
-0.2916	3.180767667e-08
-0.291	3.207077325e-08
-0.2904	3.233659562e-08
-0.2898	3.260517772e-08
-0.2892	3.287655402e-08
-0.2886	3.315075946e-08
-0.288	3.342782952e-08
-0.2874	3.370780018e-08
-0.2868	3.399070794e-08
-0.2862	3.427658988e-08
-0.2856	3.456548357e-08
-0.285	3.485742718e-08
-0.2844	3.515245942e-08
-0.2838	3.545061959e-08
-0.2832	3.575194757e-08
-0.2826	3.605648382e-08
-0.282	3.636426942e-08
-0.2814	3.667534607e-08
-0.2808	3.698975609e-08
-0.2802	3.730754241e-08
-0.2796	3.762874865e-08
-0.279	3.795341907e-08
-0.2784	3.828159858e-08
-0.2778	3.861333281e-08
-0.2772	3.894866805e-08
-0.2766	3.92876513e-08
-0.276	3.963033031e-08
-0.2754	3.997675351e-08
-0.2748	4.032697011e-08
-0.2742	4.068103006e-08
-0.2736	4.103898408e-08
-0.273	4.140088368e-08
-0.2724	4.176678116e-08
-0.2718	4.213672963e-08
-0.2712	4.251078303e-08
-0.2706	4.288899614e-08
-0.27	4.327142458e-08
-0.2694	4.365812487e-08
-0.2688	4.404915438e-08
-0.2682	4.44445714e-08
-0.2676	4.484443515e-08
-0.267	4.524880575e-08
-0.2664	4.565774431e-08
-0.2658	4.607131288e-08
-0.2652	4.64895745e-08
-0.2646	4.691259323e-08
-0.264	4.734043414e-08
-0.2634	4.777316333e-08
-0.2628	4.821084799e-08
-0.2622	4.865355636e-08
-0.2616	4.910135778e-08
-0.261	4.955432274e-08
-0.2604	5.001252284e-08
-0.2598	5.047603085e-08
-0.2592	5.094492072e-08
-0.2586	5.141926762e-08
-0.258	5.189914793e-08
-0.2574	5.238463928e-08
-0.2568	5.28758206e-08
-0.2562	5.337277207e-08
-0.2556	5.387557524e-08
-0.255	5.438431298e-08
-0.2544	5.489906953e-08
-0.2538	5.541993056e-08
-0.2532	5.594698313e-08
-0.2526	5.648031576e-08
-0.252	5.702001847e-08
-0.2514	5.756618277e-08
-0.2508	5.81189017e-08
-0.2502	5.867826989e-08
-0.2496	5.924438355e-08
-0.249	5.981734054e-08
-0.2484	6.039724034e-08
-0.2478	6.098418416e-08
-0.2472	6.157827492e-08
-0.2466	6.21796173e-08
-0.246	6.278831776e-08
-0.2454	6.340448462e-08
-0.2448	6.402822804e-08
-0.2442	6.465966007e-08
-0.2436	6.529889473e-08
-0.243	6.5946048e-08
-0.2424	6.660123787e-08
-0.2418	6.726458441e-08
-0.2412	6.793620975e-08
-0.2406	6.861623819e-08
-0.24	6.93047962e-08
-0.2394	7.000201248e-08
-0.2388	7.070801801e-08
-0.2382	7.142294607e-08
-0.2376	7.214693231e-08
-0.237	7.288011479e-08
-0.2364	7.362263404e-08
-0.2358	7.43746331e-08
-0.2352	7.513625756e-08
-0.2346	7.590765564e-08
-0.234	7.668897822e-08
-0.2334	7.748037891e-08
-0.2328	7.82820141e-08
-0.2322	7.909404301e-08
-0.2316	7.991662778e-08
-0.231	8.074993348e-08
-0.2304	8.159412821e-08
-0.2298	8.244938316e-08
-0.2292	8.331587267e-08
-0.2286	8.419377428e-08
-0.228	8.508326882e-08
-0.2274	8.598454047e-08
-0.2268	8.689777683e-08
-0.2262	8.782316901e-08
-0.2256	8.876091166e-08
-0.225	8.971120312e-08
-0.2244	9.067424541e-08
-0.2238	9.165024438e-08
-0.2232	9.263940978e-08
-0.2226	9.364195529e-08
-0.222	9.465809868e-08
-0.2214	9.568806186e-08
-0.2208	9.673207098e-08
-0.2202	9.779035649e-08
-0.2196	9.886315331e-08
-0.219	9.995070085e-08
-0.2184	1.010532431e-07
-0.2178	1.02171029e-07
-0.2172	1.033043119e-07
-0.2166	1.044533504e-07
-0.216	1.056184082e-07
-0.2154	1.067997538e-07
-0.2148	1.079976614e-07
-0.2142	1.092124103e-07
-0.2136	1.104442855e-07
-0.213	1.116935774e-07
-0.2124	1.129605824e-07
-0.2118	1.142456026e-07
-0.2112	1.155489465e-07
-0.2106	1.168709282e-07
-0.21	1.182118687e-07
-0.2094	1.19572095e-07
-0.2088	1.209519409e-07
-0.2082	1.22351747e-07
-0.2076	1.237718607e-07
-0.207	1.252126367e-07
-0.2064	1.266744366e-07
-0.2058	1.281576296e-07
-0.2052	1.296625926e-07
-0.2046	1.311897101e-07
-0.204	1.327393745e-07
-0.2034	1.343119865e-07
-0.2028	1.35907955e-07
-0.2022	1.375276975e-07
-0.2016	1.391716403e-07
-0.201	1.408402184e-07
-0.2004	1.425338762e-07
-0.1998	1.442530674e-07
-0.1992	1.459982552e-07
-0.1986	1.477699128e-07
-0.198	1.495685233e-07
-0.1974	1.513945803e-07
-0.1968	1.532485879e-07
-0.1962	1.55131061e-07
-0.1956	1.570425256e-07
-0.195	1.589835192e-07
-0.1944	1.609545907e-07
-0.1938	1.629563012e-07
-0.1932	1.649892239e-07
-0.1926	1.670539447e-07
-0.192	1.691510622e-07
-0.1914	1.712811883e-07
-0.1908	1.734449482e-07
-0.1902	1.756429814e-07
-0.1896	1.778759412e-07
-0.189	1.801444957e-07
-0.1884	1.824493279e-07
-0.1878	1.847911361e-07
-0.1872	1.871706344e-07
-0.1866	1.895885529e-07
-0.186	1.920456386e-07
-0.1854	1.94542655e-07
-0.1848	1.970803834e-07
-0.1842	1.996596229e-07
-0.1836	2.022811908e-07
-0.183	2.049459235e-07
-0.1824	2.076546765e-07
-0.1818	2.104083252e-07
-0.1812	2.132077656e-07
-0.1806	2.160539143e-07
-0.18	2.189477096e-07
-0.1794	2.218901117e-07
-0.1788	2.248821037e-07
-0.1782	2.279246916e-07
-0.1776	2.310189057e-07
-0.177	2.341658005e-07
-0.1764	2.37366456e-07
-0.1758	2.406219779e-07
-0.1752	2.439334986e-07
-0.1746	2.473021779e-07
-0.174	2.507292036e-07
-0.1734	2.542157927e-07
-0.1728	2.577631914e-07
-0.1722	2.61372677e-07
-0.1716	2.650455577e-07
-0.171	2.687831742e-07
-0.1704	2.725869006e-07
-0.1698	2.764581447e-07
-0.1692	2.803983497e-07
-0.1686	2.844089948e-07
-0.168	2.884915965e-07
-0.1674	2.926477093e-07
-0.1668	2.968789272e-07
-0.1662	3.011868845e-07
-0.1656	3.055732573e-07
-0.165	3.100397645e-07
-0.1644	3.14588169e-07
-0.1638	3.192202793e-07
-0.1632	3.239379505e-07
-0.1626	3.28743086e-07
-0.162	3.336376386e-07
-0.1614	3.386236122e-07
-0.1608	3.437030635e-07
-0.1602	3.48878103e-07
-0.1596	3.541508973e-07
-0.159	3.595236703e-07
-0.1584	3.649987054e-07
-0.1578	3.705783467e-07
-0.1572	3.762650016e-07
-0.1566	3.82061142e-07
-0.156	3.879693071e-07
-0.1554	3.939921046e-07
-0.1548	4.001322137e-07
-0.1542	4.063923867e-07
-0.1536	4.127754514e-07
-0.153	4.19284314e-07
-0.1524	4.259219607e-07
-0.1518	4.326914612e-07
-0.1512	4.395959706e-07
-0.1506	4.466387323e-07
-0.15	4.538230814e-07
-0.1494	4.611524468e-07
-0.1488	4.686303549e-07
-0.1482	4.762604323e-07
-0.1476	4.840464097e-07
-0.147	4.919921246e-07
-0.1464	5.001015252e-07
-0.1458	5.083786741e-07
-0.1452	5.168277519e-07
-0.1446	5.254530613e-07
-0.144	5.342590312e-07
-0.1434	5.432502207e-07
-0.1428	5.524313239e-07
-0.1422	5.61807174e-07
-0.1416	5.713827486e-07
-0.141	5.81163174e-07
-0.1404	5.911537309e-07
-0.1398	6.013598594e-07
-0.1392	6.117871645e-07
-0.1386	6.224414221e-07
-0.138	6.333285847e-07
-0.1374	6.444547877e-07
-0.1368	6.55826356e-07
-0.1362	6.674498104e-07
-0.1356	6.793318749e-07
-0.135	6.914794836e-07
-0.1344	7.038997887e-07
-0.1338	7.166001679e-07
-0.1332	7.29588233e-07
-0.1326	7.42871838e-07
-0.132	7.564590882e-07
-0.1314	7.703583495e-07
-0.1308	7.845782578e-07
-0.1302	7.991277291e-07
-0.1296	8.1401597e-07
-0.129	8.292524884e-07
-0.1284	8.44847105e-07
-0.1278	8.60809965e-07
-0.1272	8.771515505e-07
-0.1266	8.938826934e-07
-0.126	9.110145884e-07
-0.1254	9.285588074e-07
-0.1248	9.465273141e-07
-0.1242	9.649324788e-07
-0.1236	9.837870947e-07
-0.123	1.003104394e-06
-0.1224	1.022898067e-06
-0.1218	1.043182276e-06
-0.1212	1.063971679e-06
-0.1206	1.085281448e-06
-0.12	1.107127288e-06
-0.1194	1.129525458e-06
-0.1188	1.152492799e-06
-0.1182	1.17604675e-06
-0.1176	1.20020538e-06
-0.117	1.224987408e-06
-0.1164	1.250412233e-06
-0.1158	1.276499963e-06
-0.1152	1.303271442e-06
-0.1146	1.330748283e-06
-0.114	1.3589529e-06
-0.1134	1.387908542e-06
-0.1128	1.41763933e-06
-0.1122	1.448170292e-06
-0.1116	1.479527405e-06
-0.111	1.511737633e-06
-0.1104	1.544828975e-06
-0.1098	1.578830504e-06
-0.1092	1.613772422e-06
-0.1086	1.649686104e-06
-0.108	1.686604152e-06
-0.1074	1.724560453e-06
-0.1068	1.763590234e-06
-0.1062	1.803730124e-06
-0.1056	1.845018219e-06
-0.105	1.887494146e-06
-0.1044	1.93119914e-06
-0.1038	1.976176113e-06
-0.1032	2.022469734e-06
-0.1026	2.070126513e-06
-0.102	2.11919489e-06
-0.1014	2.16972532e-06
-0.1008	2.221770378e-06
-0.1002	2.275384854e-06
-0.0996	2.330625867e-06
-0.099	2.387552972e-06
-0.0984	2.446228286e-06
-0.0978	2.506716608e-06
-0.0972	2.569085558e-06
-0.0966	2.633405716e-06
-0.096	2.699750768e-06
-0.0954	2.768197669e-06
-0.0948	2.838826805e-06
-0.0942	2.911722171e-06
-0.0936	2.986971557e-06
-0.093	3.064666744e-06
-0.0924	3.144903715e-06
-0.0918	3.227782872e-06
-0.0912	3.313409278e-06
-0.0906	3.401892894e-06
-0.09	3.493348854e-06
-0.0894	3.587897737e-06
-0.0888	3.685665863e-06
-0.0882	3.786785613e-06
-0.0876	3.891395759e-06
-0.087	3.999641821e-06
-0.0864	4.111676441e-06
-0.0858	4.227659789e-06
-0.0852	4.347759988e-06
-0.0846	4.472153565e-06
-0.084	4.601025941e-06
-0.0834	4.734571942e-06
-0.0828	4.872996347e-06
-0.0822	5.016514477e-06
-0.0816	5.165352816e-06
-0.081	5.31974968e-06
-0.0804	5.479955927e-06
-0.0798	5.646235715e-06
-0.0792	5.818867316e-06
-0.0786	5.998143984e-06
-0.078	6.184374882e-06
-0.0774	6.377886076e-06
-0.0768	6.5790216e-06
-0.0762	6.788144593e-06
-0.0756	7.005638527e-06
-0.075	7.231908509e-06
-0.0744	7.467382693e-06
-0.0738	7.712513788e-06
-0.0732	7.967780679e-06
-0.0726	8.23369017e-06
-0.072	8.510778862e-06
-0.0714	8.799615165e-06
-0.0708	9.100801476e-06
-0.0702	9.414976515e-06
-0.0696	9.742817851e-06
-0.069	1.008504462e-05
-0.0684	1.044242048e-05
-0.0678	1.081575676e-05
-0.0672	1.12059159e-05
-0.0666	1.161381517e-05
-0.066	1.20404307e-05
-0.0654	1.248680178e-05
-0.0648	1.295403563e-05
-0.0642	1.344331248e-05
-0.0636	1.395589115e-05
-0.063	1.449311505e-05
-0.0624	1.505641875e-05
-0.0618	1.564733514e-05
-0.0612	1.626750313e-05
-0.0606	1.691867619e-05
-0.06	1.760273152e-05
-0.0594	1.832168016e-05
-0.0588	1.907767798e-05
-0.0582	1.987303772e-05
-0.0576	2.071024214e-05
-0.057	2.159195848e-05
-0.0564	2.252105424e-05
-0.0558	2.350061455e-05
-0.0552	2.453396124e-05
-0.0546	2.562467377e-05
-0.054	2.677661234e-05
-0.0534	2.799394328e-05
-0.0528	2.928116708e-05
-0.0522	3.064314936e-05
-0.0516	3.208515506e-05
-0.051	3.36128863e-05
-0.0504	3.52325243e-05
-0.0498	3.695077589e-05
-0.0492	3.877492517e-05
-0.0486	4.071289088e-05
-0.048	4.277329033e-05
-0.0474	4.496551061e-05
-0.0468	4.729978808e-05
-0.0462	4.978729718e-05
-0.0456	5.244024987e-05
-0.045	5.527200696e-05
-0.0444	5.829720313e-05
-0.0438	6.153188741e-05
-0.0432	6.499368134e-05
-0.0426	6.870195714e-05
-0.042	7.267803906e-05
-0.0414	7.694543099e-05
-0.0408	8.153007429e-05
-0.0402	8.646064049e-05
-0.0396	9.176886393e-05
-0.039	9.748992068e-05
-0.0384	0.0001036628608
-0.0378	0.0001103311028
-0.0372	0.0001175429993
-0.0366	0.0001253524877
-0.036	0.0001338198367
-0.0354	0.000143012509
-0.0348	0.0001530061558
-0.0342	0.0001638857704
-0.0336	0.0001757470256
-0.033	0.0001886978309
-0.0324	0.0002028601485
-0.0318	0.0002183721173
-0.0312	0.0002353905436
-0.0306	0.00025409383
-0.03	0.0002746854306
-0.0294	0.0002973979363
-0.0288	0.0003224979237
-0.0282	0.0003502917267
-0.0276	0.0003811323286
-0.027	0.0004154276225
-0.0264	0.0004536503456
-0.0258	0.0004963500713
-0.0252	0.0005441677411
-0.0246	0.0005978533445
-0.024	0.0006582875185
-0.0234	0.0007265080506
-0.0228	0.0008037425432
-0.0222	0.0008914488634
-0.0216	0.000991365476
-0.021	0.001105574397
-0.0204	0.001236580347
-0.0198	0.001387410832
-0.0192	0.001561743414
-0.0186	0.00176406853
-0.018	0.001999899125
-0.0174	0.002276042326
-0.0168	0.002600953943
-0.0162	0.002985204392
-0.0156	0.003442095638
-0.015	0.003988484524
-0.0144	0.004645890434
-0.0138	0.005441998102
-0.0132	0.006412714289
-0.0126	0.007605007763
-0.012	0.009080866865
-0.0114	0.01092286555
-0.0108	0.0132420638
-0.0102	0.01618932168
-0.0096	0.01997163683
-0.009	0.0248759049
-0.0084	0.03130365514
-0.0078	0.0398219268
-0.0072	0.05123751946
-0.0066	0.06670395946
-0.006	0.08787106764
-0.0054	0.117081267
-0.0048	0.157592722
-0.0042	0.2137403622
-0.0036	0.2907835681
-0.003	0.3938835861
-0.0024	0.5252859293
-0.0018	0.6789533932
-0.0012	0.8341041087
-0.0006	0.9541686399
0	1
0.0006	0.9766621925
0.0012	0.909910273
0.0018	0.8087710998
0.0024	0.6860095231
0.003	0.5554661205
0.0036	0.4295297269
0.0042	0.3173664658
0.0048	0.2241930258
0.0054	0.1515210495
0.006	0.09804913756
0.0066	0.0607989616
0.0072	0.03615938747
0.0078	0.02064602312
0.0084	0.01132882003
0.009	0.005980402765
0.0096	0.003040589561
0.0102	0.001490623385
0.0108	0.0007054666481
0.0114	0.0003227090599
0.012	0.000142859534
0.0126	6.127950151e-05
0.0132	2.55022583e-05
0.0138	1.030983671e-05
0.0144	4.054037237e-06
0.015	1.55252423e-06
0.0156	5.797659385e-07
0.0162	2.113854038e-07
0.0168	7.534309904e-08
0.0174	2.628384054e-08
0.018	8.985307398e-09
0.0186	3.013615676e-09
0.0192	9.927840621e-10
0.0198	3.216053225e-10
0.0204	1.025581641e-10
0.021	3.222996841e-11
0.0216	9.991775809e-12
0.0222	3.058829375e-12
0.0228	9.255928448e-13
0.0234	2.77105319e-13
0.024	8.215297458e-14
0.0246	2.413982394e-14
0.0252	7.036253971e-15
0.0258	2.036081852e-15
0.0264	5.853701977e-16
0.027	1.673280517e-16
0.0276	4.759012074e-17
0.0282	1.347622225e-17
0.0288	3.801918303e-18
0.0294	1.06927021e-18
0.03	2.99968905e-19
0.0306	8.398672553e-20
0.0312	2.34811938e-20
0.0318	6.558772498e-21
0.0324	1.831151427e-21
0.033	5.112351864e-22
0.0336	1.427897168e-22
0.0342	3.991421711e-23
0.0348	1.117063293e-23
0.0354	3.131143944e-24
0.036	8.793261038e-25
0.0366	2.47489361e-25
0.0372	6.983166933e-26
0.0378	1.975874731e-26
0.0384	5.607789386e-27
0.039	1.596821139e-27
0.0396	4.563029128e-28
0.0402	1.308808552e-28
0.0408	3.768878952e-29
0.0414	1.089789809e-29
0.042	3.164779229e-30
0.0426	9.231759139e-31
0.0432	2.70539697e-31
0.0438	7.966054581e-32
0.0444	2.357094189e-32
0.045	7.009438578e-33
0.0456	2.095121787e-33
0.0462	6.295036043e-34
0.0468	1.901470184e-34
0.0474	5.774562451e-35
0.048	1.763272704e-35
0.0486	5.414023607e-36
0.0492	1.671658264e-36
0.0498	5.190690868e-37
0.0504	1.620966718e-37
0.051	5.091113062e-38
0.0516	1.608263375e-38
0.0522	5.110003875e-39
0.0528	1.633114558e-39
0.0534	5.249926074e-40
0.054	1.697613145e-40
0.0546	5.521783894e-41
0.0552	1.806673593e-41
0.0558	5.946241329e-42
0.0564	1.968653938e-42
0.057	6.556323077e-43
0.0576	2.196414242e-43
0.0582	7.401652856e-44
0.0588	2.508997465e-44
0.0594	8.555082846e-45
0.06	2.934236776e-45
0.0606	1.01229377e-45
0.0612	3.512781328e-46
0.0618	1.226085291e-46
0.0624	4.30433821e-47
0.063	1.519842777e-47
0.0636	5.397433409e-48
0.0642	1.927797716e-48
0.0648	6.924840889e-49
0.0654	2.501614716e-49
0.066	9.088264855e-50
0.0666	3.320310202e-50
0.0672	1.219832724e-50
0.0678	4.506426244e-51
0.0684	1.674020289e-51
0.069	6.252755044e-52
0.0696	2.348279924e-52
0.0702	8.86709409e-53
0.0708	3.366284282e-53
0.0714	1.284822385e-53
0.072	4.929953912e-54
0.0726	1.901667333e-54
0.0732	7.373988784e-55
0.0738	2.874291623e-55
0.0744	1.126169333e-55
0.075	4.435116815e-56
0.0756	1.755572777e-56
0.0762	6.984396189e-57
0.0768	2.792665664e-57
0.0774	1.122206633e-57
0.078	4.531836751e-58
0.0786	1.839106753e-58
0.0792	7.499884767e-59
0.0798	3.07327151e-59
0.0804	1.265405419e-59
0.081	5.235095719e-60
0.0816	2.176053294e-60
0.0822	9.087579396e-61
0.0828	3.812804786e-61
0.0834	1.607098541e-61
0.084	6.804966793e-62
0.0846	2.894537135e-62
0.0852	1.23676153e-62
0.0858	5.307997687e-63
0.0864	2.288219404e-63
0.087	9.90766092e-64
0.0876	4.308594007e-64
0.0882	1.881808842e-64
0.0888	8.25421067e-65
0.0894	3.635971093e-65
0.09	1.608403233e-65
0.0906	7.144700239e-66
0.0912	3.186931044e-66
0.0918	1.427401098e-66
0.0924	6.41932444e-67
0.093	2.898597469e-67
0.0936	1.314096411e-67
0.0942	5.981262387e-68
0.0948	2.733194045e-68
0.0954	1.253850792e-68
0.096	5.77437446e-69
0.0966	2.669523505e-69
0.0972	1.238849127e-69
0.0978	5.770922159e-70
0.0984	2.698363917e-70
0.099	1.266399794e-70
0.0996	5.965443887e-71
0.1002	2.820350333e-71
0.1008	1.338254047e-71
0.1014	6.372887629e-72
0.102	3.045672743e-72
0.1026	1.460719086e-72
0.1032	7.030302167e-73
0.1038	3.395412535e-73
0.1044	1.645545658e-73
0.105	8.00228181e-74
0.1056	3.904739457e-74
0.1062	1.911756215e-74
0.1068	9.391246122e-75
0.1074	4.628628688e-75
0.108	2.288801518e-75
0.1086	1.135478639e-75
0.1092	5.651364742e-76
0.1098	2.821758504e-76
0.1104	1.413406864e-76
0.111	7.102058126e-77
0.1116	3.579809008e-77
0.1122	1.810019037e-77
0.1128	9.180011685e-78
0.1134	4.670134532e-78
0.114	2.383038084e-78
0.1146	1.219656355e-78
0.1152	6.26092456e-79
0.1158	3.223469985e-79
0.1164	1.664495978e-79
0.117	8.619969304e-80
0.1176	4.476952948e-80
0.1182	2.331864308e-80
0.1188	1.218030455e-80
0.1194	6.380246201e-81
0.12	3.351440674e-81
0.1206	1.765350436e-81
0.1212	9.324513877e-82
0.1218	4.938647458e-82
0.1224	2.622812103e-82
0.123	1.396672319e-82
0.1236	7.457289851e-83
0.1242	3.992249932e-83
0.1248	2.142869686e-83
0.1254	1.153204611e-83
0.126	6.222155604e-84
0.1266	3.365818238e-84
0.1272	1.825354572e-84
0.1278	9.924352516e-85
0.1284	5.409375822e-85
0.129	2.955792249e-85
0.1296	1.619102204e-85
0.1302	8.890785716e-86
0.1308	4.893995184e-86
0.1314	2.700452376e-86
0.132	1.493658287e-86
0.1326	8.28132753e-87
0.1332	4.602300374e-87
0.1338	2.56370846e-87
0.1344	1.431441011e-87
0.135	8.010911923e-88
0.1356	4.493520783e-88
0.1362	2.526274491e-88
0.1368	1.423495387e-88
0.1374	8.039076639e-89
0.138	4.550129483e-89
0.1386	2.581081975e-89
0.1392	1.467348729e-89
0.1398	8.360100434e-90
0.1404	4.773417739e-90
0.141	2.731369349e-90
0.1416	1.56623807e-90
0.1422	9.000255866e-91
0.1428	5.182807959e-91
0.1434	2.990763476e-91
0.144	1.729415244e-91
0.1446	1.002098463e-91
0.1452	5.818474107e-92
0.1458	3.385237723e-92
0.1464	1.973533093e-92
0.147	1.152839132e-92
0.1476	6.747703653e-93
0.1482	3.957311928e-93
0.1488	2.325389005e-93
0.1494	1.369102949e-93
0.15	8.07636479e-94
0.1506	4.773416203e-94
0.1512	2.826640096e-94
0.1518	1.677003228e-94
0.1524	9.968133436e-95
0.153	5.936148967e-95
0.1536	3.541614104e-95
0.1542	2.116887281e-95
0.1548	1.267619395e-95
0.1554	7.604476378e-96
0.156	4.570184716e-96
0.1566	2.751547039e-96
0.1572	1.659562756e-96
0.1578	1.002718014e-96
0.1584	6.069141325e-97
0.159	3.679882275e-97
0.1596	2.235083913e-97
0.1602	1.359884464e-97
0.1608	8.288072622e-98
0.1614	5.05991906e-98
0.162	3.094334456e-98
0.1626	1.895482669e-98
0.1632	1.163045022e-98
0.1638	7.148134043e-99
0.1644	4.400516468e-99
0.165	2.713468647e-99
0.1656	1.67591348e-99
0.1662	1.03676299e-99
0.1668	6.42397733e-100
0.1674	3.986765527e-100
0.168	2.478136176e-100
0.1686	1.542812174e-100
0.1692	9.62011006e-101
0.1698	6.00788808e-101
0.1704	3.757804574e-101
0.171	2.354034938e-101
0.1716	1.476909228e-101
0.1722	9.280102165e-102
0.1728	5.839903464e-102
0.1734	3.680514019e-102
0.174	2.323042516e-102
0.1746	1.468411325e-102
0.1752	9.295574255e-103
0.1758	5.893031155e-103
0.1764	3.7413762e-103
0.177	2.378758213e-103
0.1776	1.514578143e-103
0.1782	9.657211639e-104
0.1788	6.166329709e-104
0.1794	3.942874439e-104
0.18	2.524681965e-104
0.1806	1.618841317e-104
0.1812	1.039446479e-104
0.1818	6.683387519e-105
0.1824	4.303127876e-105
0.183	2.774351152e-105
0.1836	1.791119965e-105
0.1842	1.157898573e-105
0.1848	7.495412192e-106
0.1854	4.858433577e-106
0.186	3.15332971e-106
0.1866	2.049328153e-106
0.1872	1.333580741e-106
0.1878	8.689394418e-107
0.1884	5.669161429e-107
0.189	3.703428901e-107
0.1896	2.422377691e-107
0.1902	1.586460179e-107
0.1908	1.040310066e-107
0.1914	6.830297152e-108
0.192	4.490104591e-108
0.1926	2.955359342e-108
0.1932	1.947592304e-108
0.1938	1.285040129e-108
0.1944	8.489130421e-109
0.195	5.614804161e-109
0.1956	3.71815895e-109
0.1962	2.465132604e-109
0.1968	1.636321751e-109
0.1974	1.087452549e-109
0.198	7.235395212e-110
0.1986	4.819718666e-110
0.1992	3.214295409e-110
0.1998	2.146108921e-110
0.2004	1.434553768e-110
0.201	9.600155064e-111
0.2016	6.431811122e-111
0.2022	4.313990911e-111
0.2028	2.896765847e-111
0.2034	1.947301124e-111
0.204	1.310496153e-111
0.2046	8.829145545e-112
0.2052	5.954966035e-112
0.2058	4.020823471e-112
0.2064	2.717836125e-112
0.207	1.839083841e-112
0.2076	1.245796967e-112
0.2082	8.44807939e-113
0.2088	5.73497062e-113
0.2094	3.897305391e-113
0.21	2.651277977e-113
0.2106	1.80551562e-113
0.2112	1.230835428e-113
0.2118	8.399415981e-114
0.2124	5.737810301e-114
0.213	3.923637918e-114
0.2136	2.685808026e-114
0.2142	1.840356683e-114
0.2148	1.262314962e-114
0.2154	8.667021387e-115
0.216	5.956705831e-115
0.2166	4.098022494e-115
0.2172	2.822098658e-115
0.2178	1.945348897e-115
0.2184	1.342295312e-115
0.219	9.270896306e-116
0.2196	6.40938396e-116
0.2202	4.435367629e-116
0.2208	3.072271497e-116
0.2214	2.130120053e-116
0.222	1.478294597e-116
0.2226	1.026900187e-116
0.2232	7.140090911e-117
0.2238	4.969188381e-117
0.2244	3.461555925e-117
0.225	2.41356718e-117
0.2256	1.684409061e-117
0.2262	1.17661367e-117
0.2268	8.226524085e-118
0.2274	5.756957917e-118
0.228	4.032384918e-118
0.2286	2.826970112e-118
0.2292	1.983667312e-118
0.2298	1.393166207e-118
0.2304	9.79313194e-119
0.231	6.890059563e-119
0.2316	4.851825523e-119
0.2322	3.419529428e-119
0.2328	2.412151862e-119
0.2334	1.703014116e-119
0.234	1.20338705e-119
0.2346	8.510676846e-120
0.2352	6.024108119e-120
0.2358	4.267657202e-120
0.2364	3.025886573e-120
0.237	2.147238842e-120
0.2376	1.525003772e-120
0.2382	1.083983335e-120
0.2388	7.711408334e-121
0.2394	5.490381196e-121
0.24	3.912256372e-121
0.2406	2.790014392e-121
0.2412	1.991307091e-121
0.2418	1.422397691e-121
0.2424	1.016841334e-121
0.243	7.275001129e-122
0.2436	5.209056094e-122
0.2442	3.732755004e-122
0.2448	2.676965781e-122
0.2454	1.921310001e-122
0.246	1.380040327e-122
0.2466	9.920287351e-123
0.2472	7.136632099e-123
0.2478	5.138039039e-123
0.2484	3.70198783e-123
0.249	2.669343983e-123
0.2496	1.926214066e-123
0.2502	1.391020409e-123
0.2508	1.00528662e-123
0.2514	7.270633667e-124
0.252	5.26234247e-124
0.2526	3.8116145e-124
0.2532	2.762869627e-124
0.2538	2.004157857e-124
0.2544	1.454863113e-124
0.255	1.056889504e-124
0.2556	7.683389738e-125
0.2562	5.58972648e-125
0.2568	4.069502001e-125
0.2574	2.964855962e-125
0.258	2.16160419e-125
0.2586	1.577094132e-125
0.2592	1.151453917e-125
0.2598	8.412821122e-126
0.2604	6.150940831e-126
0.261	4.500335657e-126
0.2616	3.294961905e-126
0.2622	2.414108034e-126
0.2628	1.769956143e-126
0.2634	1.298573408e-126
0.264	9.533830048e-127
0.2646	7.004286787e-127
0.2652	5.149377935e-127
0.2658	3.78825041e-127
0.2664	2.788780868e-127
0.267	2.054379379e-127
0.2676	1.514384662e-127
0.2682	1.117068529e-127
0.2688	8.245372099e-128
0.2694	6.0901264e-128
0.27	4.501183749e-128
0.2706	3.328973658e-128
0.2712	2.463632671e-128
0.2718	1.824409553e-128
0.2724	1.351911685e-128
0.273	1.002426937e-128
0.2736	7.437626862e-129
0.2742	5.521945712e-129
0.2748	4.102275375e-129
0.2754	3.049518479e-129
0.276	2.26835158e-129
0.2766	1.688344127e-129
0.2772	1.257424594e-129
0.2778	9.370703224e-130
0.2784	6.987640559e-130
0.279	5.213819143e-130
0.2796	3.892667405e-130
0.2802	2.908060729e-130
0.2808	2.173819067e-130
0.2814	1.625945497e-130
0.282	1.216886763e-130
0.2826	9.112863715e-131
0.2832	6.828401473e-131
0.2838	5.119665983e-131
0.2844	3.840798889e-131
0.285	2.883087503e-131
0.2856	2.165455983e-131
0.2862	1.62740313e-131
0.2868	1.223754099e-131
0.2874	9.207577431e-132
0.288	6.931828288e-132
0.2886	5.221561556e-132
0.2892	3.935520675e-132
0.2898	2.967919997e-132
0.2904	2.23949135e-132
0.291	1.690802236e-132
0.2916	1.277266395e-132
0.2922	9.654158743e-133
0.2928	7.301140355e-133
0.2934	5.524707774e-133
0.294	4.182821421e-133
0.2946	3.168617272e-133
0.2952	2.401650205e-133
0.2958	1.821328532e-133
0.2964	1.381988616e-133
0.297	1.049197749e-133
0.2976	7.969774312e-134
0.2982	6.057167299e-134
0.2988	4.606033333e-134
0.2994	3.504432022e-134
0.3	2.667720703e-134
0.3006	2.03186261e-134
0.3012	1.548384047e-134
0.3018	1.180572119e-134
0.3024	9.006062602e-135
0.303	6.873930394e-135
0.3036	5.249309242e-135
0.3042	4.010746198e-135
0.3048	3.066008373e-135
0.3054	2.345015787e-135
0.306	1.794492438e-135
0.3066	1.373915666e-135
0.3072	1.05244706e-135
0.3078	8.066058111e-136
0.3084	6.1850399e-136
0.309	4.745073123e-136
0.3096	3.642182767e-136
0.3102	2.797036701e-136
0.3108	2.149074075e-136
0.3114	1.652040108e-136
0.312	1.270588632e-136
0.3126	9.776957345e-137
0.3132	7.526898447e-137
0.3138	5.797505674e-137
0.3144	4.467641441e-137
0.315	3.444503727e-137
0.3156	2.656962646e-137
0.3162	2.050472296e-137
0.3168	1.583183519e-137
0.3174	1.222972654e-137
0.318	9.451692891e-138
0.3186	7.308177217e-138
0.3192	5.653460957e-138
0.3198	4.375471245e-138
0.3204	3.387970617e-138
0.321	2.62456939e-138
0.3216	2.034133112e-138
0.3222	1.577258337e-138
0.3228	1.223566892e-138
0.3234	9.496275373e-139
0.324	7.373587841e-139
0.3246	5.728008777e-139
0.3252	4.451711743e-139
0.3258	3.461371626e-139
0.3264	2.692567197e-139
0.327	2.095469271e-139
0.3276	1.631517619e-139
0.3282	1.27085871e-139
0.3288	9.90369165e-140
0.3294	7.721303101e-140
0.33	6.02250346e-140
0.3306	4.69954487e-140
0.3312	3.668817855e-140
0.3318	2.865414378e-140
0.3324	2.238922107e-140
0.333	1.750169579e-140
0.3336	1.368706126e-140
0.3342	1.070849814e-140
0.3348	8.38174681e-141
0.3354	6.563378876e-141
0.336	5.141699926e-141
0.3366	4.0296901e-141
0.3372	3.159523539e-141
0.3378	2.478311707e-141
0.3384	1.944795814e-141
0.339	1.5267756e-141
0.3396	1.199109646e-141
0.3402	9.421595241e-142
0.3408	7.405787139e-142
0.3414	5.823695025e-142
0.342	4.581482387e-142
0.3426	3.605726683e-142
0.3432	2.838954028e-142
0.3438	2.23615592e-142
0.3444	1.762070846e-142
0.345	1.38906193e-142
0.3456	1.095459214e-142
0.3462	8.64264314e-143
0.3468	6.821378091e-143
0.3474	5.386073124e-143
0.348	4.254478804e-143
0.3486	3.361970474e-143
0.3492	2.657750792e-143
0.3498	2.10187493e-143
0.3504	1.662919253e-143
0.351	1.316153545e-143
0.3516	1.042107423e-143
0.3522	8.254454724e-144
0.3528	6.540842546e-144
0.3534	5.184989045e-144
0.354	4.111783853e-144
0.3546	3.261973584e-144
0.3552	2.588795703e-144
0.3558	2.055330868e-144
0.3564	1.632419556e-144
0.357	1.297022073e-144
0.3576	1.030927054e-144
0.3582	8.197340177e-145
0.3588	6.520514942e-145
0.3594	5.188648029e-145
0.36	4.130373989e-145
0.3606	3.289174104e-145
0.3612	2.620270579e-145
0.3618	2.088174017e-145
0.3624	1.664746006e-145
0.363	1.327668048e-145
0.3636	1.059231133e-145
0.3642	8.453784407e-146
0.3648	6.749479528e-146
0.3654	5.390729961e-146
0.366	4.307076043e-146
0.3666	3.442505691e-146
0.3672	2.752475472e-146
0.3678	2.201549282e-146
0.3684	1.761525895e-146
0.369	1.409953609e-146
0.3696	1.128951524e-146
0.3702	9.042738104e-147
0.3708	7.245666031e-147
0.3714	5.807776392e-147
0.372	4.656870843e-147
0.3726	3.735345256e-147
0.3732	2.997223146e-147
0.3738	2.40579546e-147
0.3744	1.9317421e-147
0.375	1.551636321e-147
0.3756	1.246753534e-147
0.3762	1.002122214e-147
0.3768	8.057674427e-148
0.3774	6.481077632e-148
0.378	5.214741103e-148
0.3786	4.197259696e-148
0.3792	3.37945007e-148
0.3798	2.721904455e-148
0.3804	2.193036776e-148
0.381	1.767521472e-148
0.3816	1.425045655e-148
0.3822	1.149311383e-148
0.3828	9.272376195e-149
0.3834	7.483217032e-149
0.384	6.041282725e-149
0.3846	4.878800546e-149
0.3852	3.941301091e-149
0.3858	3.184992217e-149
0.3864	2.574654256e-149
0.387	2.081952454e-149
0.3876	1.684083487e-149
0.3882	1.362689535e-149
0.3888	1.102986743e-149
0.3894	8.930654942e-150
0.39	7.233284563e-150
0.3906	5.860391061e-150
0.3912	4.749589013e-150
0.3918	3.850555944e-150
0.3924	3.12268662e-150
0.393	2.533206036e-150
0.3936	2.055650901e-150
0.3942	1.668647263e-150
0.3948	1.354926199e-150
0.3954	1.100530945e-150
0.396	8.941780239e-151
0.3966	7.267423015e-151
0.3972	5.908417871e-151
0.3978	4.805027572e-151
0.3984	3.908895743e-151
0.399	3.180866328e-151
0.3996	2.58922318e-151
0.4002	2.108268402e-151
0.4008	1.717173865e-151
0.4014	1.399053138e-151
0.402	1.140211284e-151
0.4026	9.295382379e-152
0.4032	7.580181489e-152
0.4038	6.183323754e-152
0.4044	5.045381712e-152
0.405	4.118085446e-152
0.4056	3.362215807e-152
0.4062	2.745897686e-152
0.4068	2.24321695e-152
0.4074	1.833099315e-152
0.408	1.498401275e-152
0.4086	1.225172745e-152
0.4092	1.002058805e-152
0.4098	8.198141572e-153
0.4104	6.709089424e-153
0.411	5.492086232e-153
0.4116	4.497139454e-153
0.4122	3.68349636e-153
0.4128	3.017926516e-153
0.4134	2.473325343e-153
0.414	2.027578379e-153
0.4146	1.662637306e-153
0.4152	1.363768028e-153
0.4158	1.118938596e-153
0.4164	9.183208012e-154
0.417	7.538842343e-154
0.4176	6.190655369e-154
0.4182	5.084988537e-154
0.4188	4.177960897e-154
0.4194	3.433677205e-154
0.42	2.822766292e-154
0.4206	2.321188474e-154
0.4212	1.909262212e-154
0.4218	1.570869486e-154
0.4224	1.292806869e-154
0.423	1.064255462e-154
0.4236	8.763477651e-155
0.4242	7.218136798e-155
0.4248	5.946910949e-155
0.4254	4.900892058e-155
0.426	4.039949064e-155
0.4266	3.331143701e-155
0.4272	2.747433886e-155
0.4278	2.266612167e-155
0.4284	1.870436392e-155
0.429	1.543917595e-155
0.4296	1.274736486e-155
0.4302	1.052765218e-155
0.4308	8.696753018e-156
0.4314	7.18616076e-156
0.432	5.939509646e-156
0.4326	4.910410686e-156
0.4332	4.060675561e-156
0.4338	3.358858513e-156
0.4344	2.779058986e-156
0.435	2.29993811e-156
0.4356	1.903910637e-156
0.4362	1.576480827e-156
0.4368	1.30569652e-156
0.4374	1.081700224e-156
0.438	8.963598862e-157
0.4386	7.429651232e-157
0.4392	6.159772407e-157
0.4398	5.108234584e-157
0.4404	4.237274831e-157
0.441	3.515699712e-157
0.4416	2.917735776e-157
0.4422	2.422082343e-157
0.4428	2.011130777e-157
0.4434	1.670320832e-157
0.444	1.387609842e-157
0.4446	1.153034886e-157
0.4452	9.583515283e-158
0.4458	7.967356754e-158
0.4464	6.625374574e-158
0.447	5.510780028e-158
0.4476	4.584815883e-158
0.4482	3.815369726e-158
0.4488	3.175828085e-158
0.4494	2.644129302e-158
0.45	2.20198048e-158
0.4506	1.834209913e-158
0.4512	1.528231438e-158
0.4518	1.273601232e-158
0.4524	1.061651034e-158
0.453	8.851845147e-159
0.4536	7.382258734e-159
0.4542	6.158116226e-159
0.4548	5.138180974e-159
0.4554	4.288185274e-159
0.456	3.579645738e-159
0.4566	2.988881203e-159
0.4572	2.496198355e-159
0.4578	2.085216258e-159
0.4584	1.742305953e-159
0.459	1.456125429e-159
0.4596	1.217233621e-159
0.4602	1.017769943e-159
0.4608	8.511881576e-160
0.4614	7.120353214e-160
0.462	5.9576812e-160
0.4626	4.986002413e-160
0.4632	4.17375504e-160
0.4638	3.494623743e-160
0.4644	2.92666243e-160
0.465	2.451564551e-160
0.4656	2.054055974e-160
0.4662	1.721389728e-160
0.4668	1.442925415e-160
0.4674	1.209779036e-160
0.468	1.014531358e-160
0.4686	8.509849886e-161
0.4692	7.139619747e-161
0.4698	5.99135123e-161
0.4704	5.028873948e-161
0.471	4.221946737e-161
0.4716	3.545279989e-161
0.4722	2.977720136e-161
0.4728	2.501569228e-161
0.4734	2.102017104e-161
0.474	1.766667416e-161
0.4746	1.485141897e-161
0.4752	1.248749889e-161
0.4758	1.050212304e-161
0.4764	8.834309998e-162
0.477	7.432960536e-162
0.4776	6.255246766e-162
0.4782	5.265265355e-162
0.4788	4.432911341e-162
0.4794	3.732936167e-162
0.48	3.144159644e-162
0.4806	2.648810529e-162
0.4812	2.231974616e-162
0.4818	1.881132706e-162
0.4824	1.585773725e-162
0.483	1.337070716e-162
0.4836	1.127609402e-162
0.4842	9.511607676e-163
0.4848	8.024904556e-163
0.4854	6.771990005e-163
0.486	5.715878727e-163
0.4866	4.825471428e-163
0.4872	4.074612537e-163
0.4878	3.441299677e-163
0.4884	2.907020276e-163
0.489	2.456194768e-163
0.4896	2.075709157e-163
0.4902	1.754522506e-163
0.4908	1.48333729e-163
0.4914	1.254322467e-163
0.492	1.060880802e-163
0.4926	8.974533233e-164
0.4932	7.593549518e-164
0.4938	6.42636306e-164
0.4944	5.4396749e-164
0.495	4.605403461e-164
0.4956	3.899862212e-164
0.4962	3.303067721e-164
0.4968	2.798157273e-164
0.4974	2.370898629e-164
0.498	2.009277251e-164
0.4986	1.703148675e-164
0.4992	1.443945706e-164
0.4998	1.224431719e-164
0.5004	1.038492782e-164
0.501	8.809624442e-165
0.5016	7.474740287e-165
0.5022	6.343360896e-165
0.5028	5.384273777e-165
0.5034	4.571082405e-165
0.504	3.881458708e-165
0.5046	3.29651227e-165
0.5052	2.80025791e-165
0.5058	2.379166205e-165
0.5064	2.021783977e-165
0.507	1.718413762e-165
0.5076	1.460843066e-165
0.5082	1.242115615e-165
0.5088	1.056338049e-165
0.5094	8.98516541e-166
0.51	7.644186786e-166
0.5106	6.504566743e-166
0.5112	5.535885998e-166
0.5118	4.712348405e-166
0.5124	4.012074128e-166
0.513	3.416501523e-166
0.5136	2.909880909e-166
0.5142	2.478846028e-166
0.5148	2.112051199e-166
0.5154	1.799864042e-166
0.516	1.534105202e-166
0.5166	1.307827858e-166
0.5172	1.115130877e-166
0.5178	9.510004701e-167
0.5184	8.11175962e-167
0.519	6.920359923e-167
0.5196	5.905020101e-167
0.5202	5.039564241e-167
0.5208	4.30173169e-167
0.5214	3.672587913e-167
0.522	3.136024539e-167
0.5226	2.678334996e-167
0.5232	2.287854252e-167
0.5238	1.95465291e-167
0.5244	1.670277413e-167
0.525	1.42752937e-167
0.5256	1.220278072e-167
0.5262	1.043301181e-167
0.5268	8.9214933e-168
0.5274	7.63031027e-168
0.528	6.527147986e-168
0.5286	5.584459756e-168
0.5292	4.77875918e-168
0.5298	4.090018078e-168
0.5304	3.501154228e-168
0.531	2.997595438e-168
0.5316	2.566908507e-168
0.5322	2.198483366e-168
0.5328	1.883264133e-168
0.5334	1.613520084e-168
0.534	1.382650573e-168
0.5346	1.185018842e-168
0.5352	1.01581042e-168
0.5358	8.709124427e-169
0.5364	7.468107952e-169
0.537	6.405024189e-169
0.5376	5.494205422e-169
0.5382	4.713709139e-169
0.5388	4.044774128e-169
0.5394	3.47135646e-169
0.54	2.979733557e-169
0.5406	2.558166299e-169
0.5412	2.196610604e-169
0.5418	1.886471199e-169
0.5424	1.62039138e-169
0.543	1.392073454e-169
0.5436	1.196125375e-169
0.5442	1.027929719e-169
0.5448	8.835317277e-170
0.5454	7.595436362e-170
0.546	6.530628887e-170
0.5466	5.616022262e-170
0.5472	4.83029907e-170
0.5478	4.155185833e-170
0.5484	3.575015734e-170
0.549	3.076354543e-170
0.5496	2.64768053e-170
0.5502	2.279110562e-170
0.5508	1.962165652e-170
0.5514	1.689570259e-170
0.552	1.455080441e-170
0.5526	1.253336708e-170
0.5532	1.079737972e-170
0.5538	9.303335843e-171
0.5544	8.01730827e-171
0.555	6.910156405e-171
0.5556	5.956846843e-171
0.5562	5.135870978e-171
0.5568	4.428745689e-171
0.5574	3.819585182e-171
0.558	3.294733792e-171
0.5586	2.842451005e-171
0.5592	2.452641238e-171
0.5598	2.116621975e-171
0.5604	1.826924782e-171
0.561	1.577124506e-171
0.5616	1.361692661e-171
0.5622	1.175871524e-171
0.5628	1.015566033e-171
0.5634	8.772509254e-172
0.564	7.578909755e-172
0.5646	6.54872461e-172
0.5652	5.659442729e-172
0.5658	4.891673033e-172
0.5664	4.228709394e-172
0.567	3.656156606e-172
0.5676	3.161608781e-172
0.5682	2.734372762e-172
0.5688	2.365230235e-172
0.5694	2.04623307e-172
0.57	1.770527241e-172
0.5706	1.532201301e-172
0.5712	1.326155966e-172
0.5718	1.147991854e-172
0.5724	9.939128381e-173
0.573	8.606428185e-173
0.5736	7.453540544e-173
0.5742	6.456054272e-173
0.5748	5.592892581e-173
0.5754	4.845854848e-173
0.576	4.199221739e-173
0.5766	3.639414877e-173
0.5772	3.154703461e-173
0.5778	2.734951346e-173
0.5784	2.371398941e-173
0.579	2.056475129e-173
0.5796	1.783635032e-173
0.5802	1.547220059e-173
0.5808	1.342337157e-173
0.5814	1.164754611e-173
0.582	1.010812112e-173
0.5826	8.773431288e-174
0.5832	7.616078921e-174
0.5838	6.612355262e-174
0.5844	5.741740766e-174
0.585	4.98647348e-174
0.5856	4.33117619e-174
0.5862	3.762534284e-174
0.5868	3.269017399e-174
0.5874	2.840638859e-174
0.588	2.468747741e-174
0.5886	2.145849118e-174
0.5892	1.86544865e-174
0.5898	1.621918178e-174
0.5904	1.410379496e-174
0.591	1.226603806e-174
0.5916	1.066924739e-174
0.5922	9.281630921e-175
0.5928	8.075617008e-175
0.5934	7.027290717e-175
0.594	6.115905873e-175
0.5946	5.323462624e-175
0.5952	4.634341667e-175
0.5958	4.034987478e-175
0.5964	3.513633959e-175
0.597	3.060066769e-175
0.5976	2.665417423e-175
0.5982	2.321984868e-175
0.5988	2.023080866e-175
0.5994	1.762895975e-175
