-0.6	1.652706471e-09
-0.5994	1.659333587e-09
-0.5988	1.665993953e-09
-0.5982	1.67268777e-09
-0.5976	1.679415239e-09
-0.597	1.686176564e-09
-0.5964	1.692971949e-09
-0.5958	1.699801601e-09
-0.5952	1.706665727e-09
-0.5946	1.713564535e-09
-0.594	1.720498238e-09
-0.5934	1.727467046e-09
-0.5928	1.734471173e-09
-0.5922	1.741510834e-09
-0.5916	1.748586245e-09
-0.591	1.755697626e-09
-0.5904	1.762845194e-09
-0.5898	1.770029173e-09
-0.5892	1.777249783e-09
-0.5886	1.784507251e-09
-0.588	1.791801801e-09
-0.5874	1.799133661e-09
-0.5868	1.806503061e-09
-0.5862	1.813910232e-09
-0.5856	1.821355405e-09
-0.585	1.828838815e-09
-0.5844	1.836360699e-09
-0.5838	1.843921293e-09
-0.5832	1.851520838e-09
-0.5826	1.859159573e-09
-0.582	1.866837742e-09
-0.5814	1.874555589e-09
-0.5808	1.882313361e-09
-0.5802	1.890111306e-09
-0.5796	1.897949674e-09
-0.579	1.905828715e-09
-0.5784	1.913748685e-09
-0.5778	1.921709838e-09
-0.5772	1.929712431e-09
-0.5766	1.937756724e-09
-0.576	1.945842978e-09
-0.5754	1.953971455e-09
-0.5748	1.962142421e-09
-0.5742	1.970356141e-09
-0.5736	1.978612886e-09
-0.573	1.986912925e-09
-0.5724	1.995256532e-09
-0.5718	2.003643981e-09
-0.5712	2.012075549e-09
-0.5706	2.020551514e-09
-0.57	2.029072157e-09
-0.5694	2.037637762e-09
-0.5688	2.046248613e-09
-0.5682	2.054904998e-09
-0.5676	2.063607205e-09
-0.567	2.072355526e-09
-0.5664	2.081150255e-09
-0.5658	2.089991687e-09
-0.5652	2.098880121e-09
-0.5646	2.107815855e-09
-0.564	2.116799194e-09
-0.5634	2.125830441e-09
-0.5628	2.134909903e-09
-0.5622	2.14403789e-09
-0.5616	2.153214712e-09
-0.561	2.162440685e-09
-0.5604	2.171716124e-09
-0.5598	2.181041348e-09
-0.5592	2.190416677e-09
-0.5586	2.199842436e-09
-0.558	2.20931895e-09
-0.5574	2.218846547e-09
-0.5568	2.228425558e-09
-0.5562	2.238056316e-09
-0.5556	2.247739158e-09
-0.555	2.257474422e-09
-0.5544	2.267262448e-09
-0.5538	2.27710358e-09
-0.5532	2.286998164e-09
-0.5526	2.29694655e-09
-0.552	2.306949087e-09
-0.5514	2.317006131e-09
-0.5508	2.327118039e-09
-0.5502	2.337285169e-09
-0.5496	2.347507885e-09
-0.549	2.35778655e-09
-0.5484	2.368121534e-09
-0.5478	2.378513206e-09
-0.5472	2.388961941e-09
-0.5466	2.399468115e-09
-0.546	2.410032106e-09
-0.5454	2.420654298e-09
-0.5448	2.431335075e-09
-0.5442	2.442074826e-09
-0.5436	2.452873941e-09
-0.543	2.463732816e-09
-0.5424	2.474651847e-09
-0.5418	2.485631434e-09
-0.5412	2.496671982e-09
-0.5406	2.507773896e-09
-0.54	2.518937587e-09
-0.5394	2.530163467e-09
-0.5388	2.541451953e-09
-0.5382	2.552803463e-09
-0.5376	2.564218422e-09
-0.537	2.575697254e-09
-0.5364	2.587240389e-09
-0.5358	2.59884826e-09
-0.5352	2.610521304e-09
-0.5346	2.622259958e-09
-0.534	2.634064668e-09
-0.5334	2.645935878e-09
-0.5328	2.65787404e-09
-0.5322	2.669879607e-09
-0.5316	2.681953036e-09
-0.531	2.694094787e-09
-0.5304	2.706305326e-09
-0.5298	2.718585121e-09
-0.5292	2.730934643e-09
-0.5286	2.743354368e-09
-0.528	2.755844775e-09
-0.5274	2.768406349e-09
-0.5268	2.781039575e-09
-0.5262	2.793744945e-09
-0.5256	2.806522954e-09
-0.525	2.819374101e-09
-0.5244	2.832298888e-09
-0.5238	2.845297823e-09
-0.5232	2.858371417e-09
-0.5226	2.871520185e-09
-0.522	2.884744645e-09
-0.5214	2.898045323e-09
-0.5208	2.911422744e-09
-0.5202	2.924877442e-09
-0.5196	2.938409953e-09
-0.519	2.952020816e-09
-0.5184	2.965710578e-09
-0.5178	2.979479788e-09
-0.5172	2.993328999e-09
-0.5166	3.007258771e-09
-0.516	3.021269665e-09
-0.5154	3.03536225e-09
-0.5148	3.049537098e-09
-0.5142	3.063794785e-09
-0.5136	3.078135894e-09
-0.513	3.09256101e-09
-0.5124	3.107070726e-09
-0.5118	3.121665636e-09
-0.5112	3.136346343e-09
-0.5106	3.151113451e-09
-0.51	3.165967573e-09
-0.5094	3.180909323e-09
-0.5088	3.195939323e-09
-0.5082	3.211058199e-09
-0.5076	3.226266582e-09
-0.507	3.24156511e-09
-0.5064	3.256954424e-09
-0.5058	3.272435171e-09
-0.5052	3.288008004e-09
-0.5046	3.303673581e-09
-0.504	3.319432566e-09
-0.5034	3.335285627e-09
-0.5028	3.35123344e-09
-0.5022	3.367276685e-09
-0.5016	3.383416047e-09
-0.501	3.39965222e-09
-0.5004	3.4159859e-09
-0.4998	3.432417791e-09
-0.4992	3.448948603e-09
-0.4986	3.46557905e-09
-0.498	3.482309855e-09
-0.4974	3.499141746e-09
-0.4968	3.516075455e-09
-0.4962	3.533111722e-09
-0.4956	3.550251295e-09
-0.495	3.567494926e-09
-0.4944	3.584843373e-09
-0.4938	3.602297403e-09
-0.4932	3.619857787e-09
-0.4926	3.637525304e-09
-0.492	3.655300738e-09
-0.4914	3.673184883e-09
-0.4908	3.691178537e-09
-0.4902	3.709282505e-09
-0.4896	3.727497601e-09
-0.489	3.745824643e-09
-0.4884	3.764264458e-09
-0.4878	3.78281788e-09
-0.4872	3.80148575e-09
-0.4866	3.820268916e-09
-0.486	3.839168234e-09
-0.4854	3.858184567e-09
-0.4848	3.877318784e-09
-0.4842	3.896571765e-09
-0.4836	3.915944395e-09
-0.483	3.935437566e-09
-0.4824	3.955052181e-09
-0.4818	3.974789149e-09
-0.4812	3.994649386e-09
-0.4806	4.014633817e-09
-0.48	4.034743375e-09
-0.4794	4.054979003e-09
-0.4788	4.075341649e-09
-0.4782	4.095832271e-09
-0.4776	4.116451836e-09
-0.477	4.137201318e-09
-0.4764	4.158081702e-09
-0.4758	4.179093978e-09
-0.4752	4.20023915e-09
-0.4746	4.221518225e-09
-0.474	4.242932223e-09
-0.4734	4.264482173e-09
-0.4728	4.28616911e-09
-0.4722	4.307994081e-09
-0.4716	4.329958143e-09
-0.471	4.352062359e-09
-0.4704	4.374307804e-09
-0.4698	4.396695564e-09
-0.4692	4.41922673e-09
-0.4686	4.441902408e-09
-0.468	4.464723711e-09
-0.4674	4.487691763e-09
-0.4668	4.510807697e-09
-0.4662	4.534072657e-09
-0.4656	4.557487799e-09
-0.465	4.581054286e-09
-0.4644	4.604773294e-09
-0.4638	4.628646009e-09
-0.4632	4.652673629e-09
-0.4626	4.676857359e-09
-0.462	4.701198421e-09
-0.4614	4.725698042e-09
-0.4608	4.750357465e-09
-0.4602	4.775177941e-09
-0.4596	4.800160735e-09
-0.459	4.825307122e-09
-0.4584	4.850618389e-09
-0.4578	4.876095835e-09
-0.4572	4.901740771e-09
-0.4566	4.927554521e-09
-0.456	4.953538418e-09
-0.4554	4.979693812e-09
-0.4548	5.006022061e-09
-0.4542	5.032524539e-09
-0.4536	5.059202631e-09
-0.453	5.086057735e-09
-0.4524	5.113091263e-09
-0.4518	5.140304638e-09
-0.4512	5.167699299e-09
-0.4506	5.195276697e-09
-0.45	5.223038295e-09
-0.4494	5.250985574e-09
-0.4488	5.279120024e-09
-0.4482	5.307443153e-09
-0.4476	5.33595648e-09
-0.447	5.36466154e-09
-0.4464	5.393559883e-09
-0.4458	5.422653072e-09
-0.4452	5.451942686e-09
-0.4446	5.481430319e-09
-0.444	5.511117578e-09
-0.4434	5.541006089e-09
-0.4428	5.57109749e-09
-0.4422	5.601393437e-09
-0.4416	5.631895599e-09
-0.441	5.662605664e-09
-0.4404	5.693525334e-09
-0.4398	5.724656329e-09
-0.4392	5.756000384e-09
-0.4386	5.787559252e-09
-0.438	5.8193347e-09
-0.4374	5.851328516e-09
-0.4368	5.883542502e-09
-0.4362	5.91597848e-09
-0.4356	5.948638286e-09
-0.435	5.981523779e-09
-0.4344	6.01463683e-09
-0.4338	6.047979334e-09
-0.4332	6.081553199e-09
-0.4326	6.115360356e-09
-0.432	6.149402752e-09
-0.4314	6.183682354e-09
-0.4308	6.218201148e-09
-0.4302	6.252961141e-09
-0.4296	6.287964356e-09
-0.429	6.323212839e-09
-0.4284	6.358708656e-09
-0.4278	6.394453892e-09
-0.4272	6.430450653e-09
-0.4266	6.466701065e-09
-0.426	6.503207277e-09
-0.4254	6.539971458e-09
-0.4248	6.576995797e-09
-0.4242	6.614282508e-09
-0.4236	6.651833825e-09
-0.423	6.689652004e-09
-0.4224	6.727739325e-09
-0.4218	6.766098088e-09
-0.4212	6.804730619e-09
-0.4206	6.843639265e-09
-0.42	6.882826399e-09
-0.4194	6.922294415e-09
-0.4188	6.962045733e-09
-0.4182	7.002082796e-09
-0.4176	7.042408073e-09
-0.417	7.083024057e-09
-0.4164	7.123933267e-09
-0.4158	7.165138247e-09
-0.4152	7.206641565e-09
-0.4146	7.248445819e-09
-0.414	7.29055363e-09
-0.4134	7.332967647e-09
-0.4128	7.375690546e-09
-0.4122	7.418725031e-09
-0.4116	7.462073831e-09
-0.411	7.505739707e-09
-0.4104	7.549725445e-09
-0.4098	7.59403386e-09
-0.4092	7.638667799e-09
-0.4086	7.683630133e-09
-0.408	7.728923768e-09
-0.4074	7.774551637e-09
-0.4068	7.820516704e-09
-0.4062	7.866821963e-09
-0.4056	7.913470441e-09
-0.405	7.960465195e-09
-0.4044	8.007809313e-09
-0.4038	8.055505917e-09
-0.4032	8.10355816e-09
-0.4026	8.151969231e-09
-0.402	8.200742348e-09
-0.4014	8.249880765e-09
-0.4008	8.299387772e-09
-0.4002	8.349266689e-09
-0.3996	8.399520876e-09
-0.399	8.450153725e-09
-0.3984	8.501168665e-09
-0.3978	8.552569161e-09
-0.3972	8.604358716e-09
-0.3966	8.656540868e-09
-0.396	8.709119194e-09
-0.3954	8.762097309e-09
-0.3948	8.815478866e-09
-0.3942	8.869267557e-09
-0.3936	8.923467115e-09
-0.393	8.978081311e-09
-0.3924	9.033113957e-09
-0.3918	9.088568907e-09
-0.3912	9.144450055e-09
-0.3906	9.200761338e-09
-0.39	9.257506735e-09
-0.3894	9.314690268e-09
-0.3888	9.372316002e-09
-0.3882	9.430388048e-09
-0.3876	9.48891056e-09
-0.387	9.547887737e-09
-0.3864	9.607323825e-09
-0.3858	9.667223115e-09
-0.3852	9.727589946e-09
-0.3846	9.788428704e-09
-0.384	9.849743823e-09
-0.3834	9.911539785e-09
-0.3828	9.973821123e-09
-0.3822	1.003659242e-08
-0.3816	1.00998583e-08
-0.381	1.016362346e-08
-0.3804	1.022789263e-08
-0.3798	1.02926706e-08
-0.3792	1.03579622e-08
-0.3786	1.042377234e-08
-0.378	1.049010596e-08
-0.3774	1.055696807e-08
-0.3768	1.062436373e-08
-0.3762	1.069229805e-08
-0.3756	1.076077621e-08
-0.375	1.082980344e-08
-0.3744	1.089938504e-08
-0.3738	1.096952635e-08
-0.3732	1.104023279e-08
-0.3726	1.111150983e-08
-0.372	1.1183363e-08
-0.3714	1.125579791e-08
-0.3708	1.13288202e-08
-0.3702	1.140243561e-08
-0.3696	1.147664993e-08
-0.369	1.155146901e-08
-0.3684	1.162689877e-08
-0.3678	1.170294522e-08
-0.3672	1.17796144e-08
-0.3666	1.185691245e-08
-0.366	1.193484556e-08
-0.3654	1.201342002e-08
-0.3648	1.209264215e-08
-0.3642	1.217251838e-08
-0.3636	1.225305521e-08
-0.363	1.233425918e-08
-0.3624	1.241613696e-08
-0.3618	1.249869526e-08
-0.3612	1.258194087e-08
-0.3606	1.266588068e-08
-0.36	1.275052164e-08
-0.3594	1.28358708e-08
-0.3588	1.292193527e-08
-0.3582	1.300872226e-08
-0.3576	1.309623907e-08
-0.357	1.318449306e-08
-0.3564	1.327349171e-08
-0.3558	1.336324257e-08
-0.3552	1.345375327e-08
-0.3546	1.354503155e-08
-0.354	1.363708523e-08
-0.3534	1.372992224e-08
-0.3528	1.382355058e-08
-0.3522	1.391797836e-08
-0.3516	1.401321379e-08
-0.351	1.410926517e-08
-0.3504	1.420614091e-08
-0.3498	1.43038495e-08
-0.3492	1.440239956e-08
-0.3486	1.450179979e-08
-0.348	1.460205902e-08
-0.3474	1.470318616e-08
-0.3468	1.480519024e-08
-0.3462	1.490808042e-08
-0.3456	1.501186593e-08
-0.345	1.511655615e-08
-0.3444	1.522216055e-08
-0.3438	1.532868874e-08
-0.3432	1.543615042e-08
-0.3426	1.554455543e-08
-0.342	1.565391372e-08
-0.3414	1.576423537e-08
-0.3408	1.587553059e-08
-0.3402	1.598780969e-08
-0.3396	1.610108313e-08
-0.339	1.621536151e-08
-0.3384	1.633065553e-08
-0.3378	1.644697605e-08
-0.3372	1.656433405e-08
-0.3366	1.668274066e-08
-0.336	1.680220715e-08
-0.3354	1.692274491e-08
-0.3348	1.704436549e-08
-0.3342	1.716708059e-08
-0.3336	1.729090205e-08
-0.333	1.741584185e-08
-0.3324	1.754191215e-08
-0.3318	1.766912524e-08
-0.3312	1.779749357e-08
-0.3306	1.792702975e-08
-0.33	1.805774656e-08
-0.3294	1.818965693e-08
-0.3288	1.832277396e-08
-0.3282	1.845711092e-08
-0.3276	1.859268126e-08
-0.327	1.872949858e-08
-0.3264	1.886757668e-08
-0.3258	1.900692952e-08
-0.3252	1.914757124e-08
-0.3246	1.928951619e-08
-0.324	1.943277888e-08
-0.3234	1.957737402e-08
-0.3228	1.972331649e-08
-0.3222	1.987062141e-08
-0.3216	2.001930405e-08
-0.321	2.016937991e-08
-0.3204	2.032086469e-08
-0.3198	2.047377428e-08
-0.3192	2.06281248e-08
-0.3186	2.078393257e-08
-0.318	2.094121413e-08
-0.3174	2.109998625e-08
-0.3168	2.12602659e-08
-0.3162	2.14220703e-08
-0.3156	2.158541687e-08
-0.315	2.175032331e-08
-0.3144	2.19168075e-08
-0.3138	2.208488761e-08
-0.3132	2.225458202e-08
-0.3126	2.242590937e-08
-0.312	2.259888857e-08
-0.3114	2.277353874e-08
-0.3108	2.294987931e-08
-0.3102	2.312792994e-08
-0.3096	2.330771057e-08
-0.309	2.348924141e-08
-0.3084	2.367254294e-08
-0.3078	2.385763594e-08
-0.3072	2.404454144e-08
-0.3066	2.42332808e-08
-0.306	2.442387565e-08
-0.3054	2.461634791e-08
-0.3048	2.481071982e-08
-0.3042	2.500701393e-08
-0.3036	2.520525308e-08
-0.303	2.540546046e-08
-0.3024	2.560765956e-08
-0.3018	2.58118742e-08
-0.3012	2.601812854e-08
-0.3006	2.622644707e-08
-0.3	2.643685464e-08
-0.2994	2.664937642e-08
-0.2988	2.686403798e-08
-0.2982	2.70808652e-08
-0.2976	2.729988436e-08
-0.297	2.75211221e-08
-0.2964	2.774460546e-08
-0.2958	2.797036182e-08
-0.2952	2.819841899e-08
-0.2946	2.842880517e-08
-0.294	2.866154895e-08
-0.2934	2.889667934e-08
-0.2928	2.913422577e-08
-0.2922	2.93742181e-08
-0.2916	2.96166866e-08
-0.291	2.986166199e-08
-0.2904	3.010917544e-08
-0.2898	3.035925857e-08
-0.2892	3.061194346e-08
-0.2886	3.086726265e-08
-0.288	3.112524917e-08
-0.2874	3.138593653e-08
-0.2868	3.164935873e-08
-0.2862	3.191555026e-08
-0.2856	3.218454614e-08
-0.285	3.245638189e-08
-0.2844	3.273109357e-08
-0.2838	3.300871776e-08
-0.2832	3.328929159e-08
-0.2826	3.357285275e-08
-0.282	3.385943948e-08
-0.2814	3.414909062e-08
-0.2808	3.444184555e-08
-0.2802	3.473774428e-08
-0.2796	3.503682741e-08
-0.279	3.533913614e-08
-0.2784	3.56447123e-08
-0.2778	3.595359837e-08
-0.2772	3.626583747e-08
-0.2766	3.658147336e-08
-0.276	3.690055047e-08
-0.2754	3.722311394e-08
-0.2748	3.754920956e-08
-0.2742	3.787888385e-08
-0.2736	3.821218405e-08
-0.273	3.854915811e-08
-0.2724	3.888985473e-08
-0.2718	3.923432336e-08
-0.2712	3.958261424e-08
-0.2706	3.993477836e-08
-0.27	4.029086752e-08
-0.2694	4.065093435e-08
-0.2688	4.101503226e-08
-0.2682	4.138321554e-08
-0.2676	4.175553932e-08
-0.267	4.213205959e-08
-0.2664	4.251283324e-08
-0.2658	4.289791806e-08
-0.2652	4.328737275e-08
-0.2646	4.368125695e-08
-0.264	4.407963125e-08
-0.2634	4.448255721e-08
-0.2628	4.489009737e-08
-0.2622	4.53023153e-08
-0.2616	4.571927556e-08
-0.261	4.614104377e-08
-0.2604	4.65676866e-08
-0.2598	4.699927183e-08
-0.2592	4.743586832e-08
-0.2586	4.787754603e-08
-0.258	4.832437611e-08
-0.2574	4.877643085e-08
-0.2568	4.923378371e-08
-0.2562	4.969650939e-08
-0.2556	5.016468381e-08
-0.255	5.063838412e-08
-0.2544	5.111768879e-08
-0.2538	5.160267756e-08
-0.2532	5.209343151e-08
-0.2526	5.259003307e-08
-0.252	5.309256605e-08
-0.2514	5.360111566e-08
-0.2508	5.411576855e-08
-0.2502	5.463661283e-08
-0.2496	5.516373808e-08
-0.249	5.569723541e-08
-0.2484	5.623719748e-08
-0.2478	5.678371851e-08
-0.2472	5.733689434e-08
-0.2466	5.789682244e-08
-0.246	5.846360196e-08
-0.2454	5.903733373e-08
-0.2448	5.961812034e-08
-0.2442	6.020606613e-08
-0.2436	6.080127727e-08
-0.243	6.140386175e-08
-0.2424	6.201392944e-08
-0.2418	6.263159214e-08
-0.2412	6.325696357e-08
-0.2406	6.389015948e-08
-0.24	6.453129764e-08
-0.2394	6.518049787e-08
-0.2388	6.583788215e-08
-0.2382	6.650357456e-08
-0.2376	6.717770144e-08
-0.237	6.786039133e-08
-0.2364	6.855177508e-08
-0.2358	6.925198589e-08
-0.2352	6.996115934e-08
-0.2346	7.067943342e-08
-0.234	7.140694864e-08
-0.2334	7.214384803e-08
-0.2328	7.289027722e-08
-0.2322	7.364638446e-08
-0.2316	7.441232073e-08
-0.231	7.518823973e-08
-0.2304	7.597429801e-08
-0.2298	7.677065495e-08
-0.2292	7.75774729e-08
-0.2286	7.839491717e-08
-0.228	7.922315615e-08
-0.2274	8.006236134e-08
-0.2268	8.091270742e-08
-0.2262	8.177437235e-08
-0.2256	8.264753738e-08
-0.225	8.353238719e-08
-0.2244	8.44291099e-08
-0.2238	8.533789719e-08
-0.2232	8.625894435e-08
-0.2226	8.719245039e-08
-0.222	8.813861806e-08
-0.2214	8.9097654e-08
-0.2208	9.006976879e-08
-0.2202	9.105517703e-08
-0.2196	9.205409745e-08
-0.219	9.306675299e-08
-0.2184	9.409337088e-08
-0.2178	9.513418277e-08
-0.2172	9.618942478e-08
-0.2166	9.725933765e-08
-0.216	9.834416679e-08
-0.2154	9.944416245e-08
-0.2148	1.005595798e-07
-0.2142	1.016906789e-07
-0.2136	1.028377251e-07
-0.213	1.04000989e-07
-0.2124	1.051807464e-07
-0.2118	1.063772788e-07
-0.2112	1.075908733e-07
-0.2106	1.088218224e-07
-0.21	1.100704251e-07
-0.2094	1.113369857e-07
-0.2088	1.126218153e-07
-0.2082	1.139252309e-07
-0.2076	1.15247556e-07
-0.207	1.165891208e-07
-0.2064	1.179502622e-07
-0.2058	1.193313239e-07
-0.2052	1.207326568e-07
-0.2046	1.221546189e-07
-0.204	1.235975757e-07
-0.2034	1.250619004e-07
-0.2028	1.265479736e-07
-0.2022	1.280561841e-07
-0.2016	1.295869288e-07
-0.201	1.311406129e-07
-0.2004	1.327176502e-07
-0.1998	1.34318463e-07
-0.1992	1.359434829e-07
-0.1986	1.375931502e-07
-0.198	1.392679151e-07
-0.1974	1.40968237e-07
-0.1968	1.426945853e-07
-0.1962	1.444474395e-07
-0.1956	1.462272895e-07
-0.195	1.480346357e-07
-0.1944	1.498699893e-07
-0.1938	1.517338727e-07
-0.1932	1.536268197e-07
-0.1926	1.555493759e-07
-0.192	1.575020986e-07
-0.1914	1.594855577e-07
-0.1908	1.615003354e-07
-0.1902	1.63547027e-07
-0.1896	1.656262411e-07
-0.189	1.677385996e-07
-0.1884	1.698847386e-07
-0.1878	1.720653084e-07
-0.1872	1.742809738e-07
-0.1866	1.765324149e-07
-0.186	1.78820327e-07
-0.1854	1.811454214e-07
-0.1848	1.835084253e-07
-0.1842	1.85910083e-07
-0.1836	1.883511555e-07
-0.183	1.908324216e-07
-0.1824	1.933546781e-07
-0.1818	1.959187401e-07
-0.1812	1.985254418e-07
-0.1806	2.011756368e-07
-0.18	2.03870199e-07
-0.1794	2.066100223e-07
-0.1788	2.093960223e-07
-0.1782	2.122291357e-07
-0.1776	2.151103219e-07
-0.177	2.18040563e-07
-0.1764	2.210208645e-07
-0.1758	2.240522561e-07
-0.1752	2.271357923e-07
-0.1746	2.30272553e-07
-0.174	2.334636445e-07
-0.1734	2.367101998e-07
-0.1728	2.400133796e-07
-0.1722	2.433743731e-07
-0.1716	2.467943986e-07
-0.171	2.502747047e-07
-0.1704	2.538165706e-07
-0.1698	2.574213076e-07
-0.1692	2.610902595e-07
-0.1686	2.648248037e-07
-0.168	2.686263523e-07
-0.1674	2.72496353e-07
-0.1668	2.7643629e-07
-0.1662	2.804476853e-07
-0.1656	2.845320997e-07
-0.165	2.886911336e-07
-0.1644	2.92926429e-07
-0.1638	2.972396697e-07
-0.1632	3.016325834e-07
-0.1626	3.061069423e-07
-0.162	3.106645651e-07
-0.1614	3.153073179e-07
-0.1608	3.200371156e-07
-0.1602	3.248559238e-07
-0.1596	3.2976576e-07
-0.159	3.347686952e-07
-0.1584	3.398668555e-07
-0.1578	3.45062424e-07
-0.1572	3.503576424e-07
-0.1566	3.557548127e-07
-0.156	3.612562992e-07
-0.1554	3.668645306e-07
-0.1548	3.725820014e-07
-0.1542	3.784112749e-07
-0.1536	3.843549844e-07
-0.153	3.904158361e-07
-0.1524	3.96596611e-07
-0.1518	4.029001674e-07
-0.1512	4.093294436e-07
-0.1506	4.158874599e-07
-0.15	4.225773221e-07
-0.1494	4.294022232e-07
-0.1488	4.36365447e-07
-0.1482	4.434703711e-07
-0.1476	4.507204691e-07
-0.147	4.58119315e-07
-0.1464	4.656705853e-07
-0.1458	4.733780634e-07
-0.1452	4.812456423e-07
-0.1446	4.892773288e-07
-0.144	4.974772474e-07
-0.1434	5.058496436e-07
-0.1428	5.143988887e-07
-0.1422	5.231294837e-07
-0.1416	5.320460639e-07
-0.141	5.411534031e-07
-0.1404	5.50456419e-07
-0.1398	5.599601776e-07
-0.1392	5.696698986e-07
-0.1386	5.795909607e-07
-0.138	5.897289073e-07
-0.1374	6.000894519e-07
-0.1368	6.106784845e-07
-0.1362	6.215020778e-07
-0.1356	6.325664934e-07
-0.135	6.438781889e-07
-0.1344	6.554438247e-07
-0.1338	6.672702714e-07
-0.1332	6.793646174e-07
-0.1326	6.917341771e-07
-0.132	7.043864985e-07
-0.1314	7.173293725e-07
-0.1308	7.305708414e-07
-0.1302	7.441192085e-07
-0.1296	7.579830474e-07
-0.129	7.721712126e-07
-0.1284	7.866928499e-07
-0.1278	8.015574074e-07
-0.1272	8.167746465e-07
-0.1266	8.323546548e-07
-0.126	8.483078578e-07
-0.1254	8.646450321e-07
-0.1248	8.813773192e-07
-0.1242	8.985162394e-07
-0.1236	9.160737068e-07
-0.123	9.340620448e-07
-0.1224	9.524940017e-07
-0.1218	9.713827684e-07
-0.1212	9.907419952e-07
-0.1206	1.010585811e-06
-0.12	1.030928842e-06
-0.1194	1.051786231e-06
-0.1188	1.073173661e-06
-0.1182	1.095107374e-06
-0.1176	1.117604196e-06
-0.117	1.140681562e-06
-0.1164	1.164357538e-06
-0.1158	1.18865085e-06
-0.1152	1.213580911e-06
-0.1146	1.239167849e-06
-0.114	1.265432538e-06
-0.1134	1.292396632e-06
-0.1128	1.320082594e-06
-0.1122	1.348513733e-06
-0.1116	1.377714243e-06
-0.111	1.407709235e-06
-0.1104	1.438524786e-06
-0.1098	1.470187974e-06
-0.1092	1.502726925e-06
-0.1086	1.53617086e-06
-0.108	1.570550143e-06
-0.1074	1.605896335e-06
-0.1068	1.642242244e-06
-0.1062	1.679621985e-06
-0.1056	1.718071037e-06
-0.105	1.757626308e-06
-0.1044	1.798326202e-06
-0.1038	1.840210685e-06
-0.1032	1.883321361e-06
-0.1026	1.927701548e-06
-0.102	1.97339636e-06
-0.1014	2.020452791e-06
-0.1008	2.068919807e-06
-0.1002	2.118848438e-06
-0.0996	2.170291884e-06
-0.099	2.223305613e-06
-0.0984	2.27794748e-06
-0.0978	2.334277839e-06
-0.0972	2.39235967e-06
-0.0966	2.45225871e-06
-0.096	2.514043593e-06
-0.0954	2.577785994e-06
-0.0948	2.643560784e-06
-0.0942	2.711446199e-06
-0.0936	2.781524006e-06
-0.093	2.853879693e-06
-0.0924	2.92860266e-06
-0.0918	3.005786425e-06
-0.0912	3.085528847e-06
-0.0906	3.167932348e-06
-0.09	3.253104167e-06
-0.0894	3.341156618e-06
-0.0888	3.432207362e-06
-0.0882	3.526379706e-06
-0.0876	3.62380291e-06
-0.087	3.72461252e-06
-0.0864	3.828950718e-06
-0.0858	3.9369667e-06
-0.0852	4.048817066e-06
-0.0846	4.16466625e-06
-0.084	4.28468697e-06
-0.0834	4.409060704e-06
-0.0828	4.537978206e-06
-0.0822	4.671640047e-06
-0.0816	4.810257202e-06
-0.081	4.954051666e-06
-0.0804	5.103257117e-06
-0.0798	5.25811963e-06
-0.0792	5.418898423e-06
-0.0786	5.585866677e-06
-0.078	5.759312392e-06
-0.0774	5.939539317e-06
-0.0768	6.126867943e-06
-0.0762	6.32163656e-06
-0.0756	6.5242024e-06
-0.075	6.734942858e-06
-0.0744	6.954256799e-06
-0.0738	7.182565967e-06
-0.0732	7.420316496e-06
-0.0726	7.667980535e-06
-0.072	7.926057995e-06
-0.0714	8.195078428e-06
-0.0708	8.475603052e-06
-0.0702	8.768226933e-06
-0.0696	9.073581338e-06
-0.069	9.39233627e-06
-0.0684	9.725203205e-06
-0.0678	1.007293806e-05
-0.0672	1.043634437e-05
-0.0666	1.081627677e-05
-0.066	1.121364474e-05
-0.0654	1.162941663e-05
-0.0648	1.206462408e-05
-0.0642	1.252036678e-05
-0.0636	1.299781767e-05
-0.063	1.349822852e-05
-0.0624	1.402293605e-05
-0.0618	1.457336861e-05
-0.0612	1.51510534e-05
-0.0606	1.575762434e-05
-0.06	1.639483073e-05
-0.0594	1.706454658e-05
-0.0588	1.776878089e-05
-0.0582	1.850968892e-05
-0.0576	1.928958438e-05
-0.057	2.011095296e-05
-0.0564	2.097646701e-05
-0.0558	2.188900177e-05
-0.0552	2.285165313e-05
-0.0546	2.386775716e-05
-0.054	2.494091167e-05
-0.0534	2.607499984e-05
-0.0528	2.727421644e-05
-0.0522	2.854309662e-05
-0.0516	2.98865479e-05
-0.051	3.130988538e-05
-0.0504	3.281887094e-05
-0.0498	3.441975656e-05
-0.0492	3.611933252e-05
-0.0486	3.792498094e-05
-0.048	3.984473539e-05
-0.0474	4.188734737e-05
-0.0468	4.406236043e-05
-0.0462	4.638019308e-05
-0.0456	4.885223152e-05
-0.045	5.14909336e-05
-0.0444	5.430994545e-05
-0.0438	5.732423259e-05
-0.0432	6.055022751e-05
-0.0426	6.400599609e-05
-0.042	6.771142542e-05
-0.0414	7.168843634e-05
-0.0408	7.596122415e-05
-0.0402	8.05565319e-05
-0.0396	8.550396095e-05
-0.039	9.083632488e-05
-0.0384	9.659005313e-05
-0.0378	0.0001028056527
-0.0372	0.000109528237
-0.0366	0.000116808133
-0.036	0.0001247015791
-0.0354	0.0001332715312
-0.0348	0.0001425885922
-0.0342	0.0001527320893
-0.0336	0.0001637913256
-0.033	0.0001758670343
-0.0324	0.0001890730778
-0.0318	0.0002035384329
-0.0312	0.0002194095211
-0.0306	0.0002368529484
-0.03	0.0002560587368
-0.0294	0.0002772441488
-0.0288	0.0003006582248
-0.0282	0.0003265871861
-0.0276	0.0003553608889
-0.027	0.000387360561
-0.0264	0.0004230281078
-0.0258	0.0004628773507
-0.0252	0.0005075076477
-0.0246	0.0005576204719
-0.024	0.0006140396699
-0.0234	0.0006777363297
-0.0228	0.000749859441
-0.0222	0.0008317738787
-0.0216	0.0009251076883
-0.021	0.001031811256
-0.0204	0.001154231744
-0.0198	0.001295207259
-0.0192	0.001458186673
-0.0186	0.001647383025
-0.018	0.001867971167
-0.0174	0.0021263441
-0.0168	0.002430447773
-0.0162	0.002790221527
-0.0156	0.003218181935
-0.015	0.003730202875
-0.0144	0.004346566415
-0.0138	0.005093390691
-0.0132	0.006004587341
-0.0126	0.007124569559
-0.012	0.008512033966
-0.0114	0.01024529268
-0.0108	0.01242986315
-0.0102	0.01520937338
-0.0096	0.01878136998
-0.009	0.02342041439
-0.0084	0.02951203357
-0.0078	0.03760278297
-0.0072	0.04847392778
-0.0066	0.06324875392
-0.006	0.08354487061
-0.0054	0.1116786292
-0.0048	0.1509071676
-0.0042	0.2056272181
-0.0036	0.2812861927
-0.003	0.3834365454
-0.0024	0.5149348924
-0.0018	0.6703514016
-0.0012	0.828873055
-0.0006	0.9525630426
0	1
0.0006	0.9774396816
0.0012	0.9128079174
0.0018	0.8145669163
0.0024	0.6947508696
0.003	0.5665279535
0.0036	0.4418506528
0.0042	0.3297611738
0.0048	0.2356329302
0.0054	0.1613097412
0.006	0.1058718454
0.0066	0.06667029319
0.0072	0.04031628951
0.0078	0.02343229784
0.0084	0.01310232874
0.009	0.007055302495
0.0096	0.003662430329
0.0102	0.001834759952
0.0108	0.0008880328981
0.0114	0.0004157330015
0.012	0.0001884694779
0.0126	8.283647762e-05
0.0132	3.534066643e-05
0.0138	1.465285525e-05
0.0144	5.91136314e-06
0.015	2.32323991e-06
0.0156	8.905591321e-07
0.0162	3.333584533e-07
0.0168	1.2199807e-07
0.0174	4.370123477e-08
0.018	1.534025981e-08
0.0186	5.282754369e-09
0.0192	1.786725077e-09
0.0198	5.941487858e-10
0.0204	1.944609149e-10
0.021	6.270711433e-11
0.0216	1.994271147e-11
0.0222	6.261196862e-12
0.0228	1.94243346e-12
0.0234	5.960013176e-13
0.024	1.810271846e-13
0.0246	5.447604931e-14
0.0252	1.625506907e-14
0.0258	4.813224285e-15
0.0264	1.415391743e-15
0.027	4.136436737e-16
0.0276	1.202231279e-16
0.0282	3.477373584e-17
0.0288	1.001597962e-17
0.0294	2.874609599e-18
0.03	8.225458148e-19
0.0306	2.34788956e-19
0.0312	6.688990467e-20
0.0318	1.902946654e-20
0.0324	5.408572707e-21
0.033	1.536473646e-21
0.0336	4.364556528e-22
0.0342	1.240235173e-22
0.0348	3.526823723e-23
0.0354	1.004007607e-23
0.036	2.862284331e-24
0.0366	8.174319625e-25
0.0372	2.339300403e-25
0.0378	6.710279797e-26
0.0384	1.929891114e-26
0.039	5.566378243e-27
0.0396	1.610511186e-27
0.0402	4.675228125e-28
0.0408	1.36201098e-28
0.0414	3.982739968e-29
0.042	1.169192463e-29
0.0426	3.446407091e-30
0.0432	1.020216516e-30
0.0438	3.033382411e-31
0.0444	9.060042343e-32
0.045	2.718669134e-32
0.0456	8.197023791e-33
0.0462	2.483570123e-33
0.0468	7.56240572e-34
0.0474	2.314441424e-34
0.048	7.119853646e-35
0.0486	2.201746775e-35
0.0492	6.84486435e-36
0.0498	2.139392022e-36
0.0504	6.723077326e-37
0.051	2.124318546e-37
0.0516	6.749384024e-38
0.0522	2.156346124e-38
0.0528	6.927831986e-39
0.0534	2.238274891e-39
0.054	7.272394588e-40
0.0546	2.37628375e-40
0.0552	7.80878049e-41
0.0558	2.58070149e-41
0.0564	8.57760495e-42
0.057	2.867283648e-42
0.0576	9.639464758e-43
0.0582	3.259213859e-43
0.0588	1.108279548e-43
0.0594	3.790181733e-44
0.06	1.303592016e-44
0.0606	4.509101405e-45
0.0612	1.568555025e-45
0.0618	5.487378235e-46
0.0624	1.930538874e-46
0.063	6.830195098e-47
0.0636	2.430078249e-47
0.0642	8.694228221e-48
0.0648	3.12792171e-48
0.0654	1.131578381e-48
0.066	4.116296822e-49
0.0666	1.505604353e-49
0.0672	5.537141066e-50
0.0678	2.047476191e-50
0.0684	7.611991503e-51
0.069	2.845189226e-51
0.0696	1.069164138e-51
0.0702	4.039100171e-52
0.0708	1.533974898e-52
0.0714	5.856409008e-53
0.072	2.247553159e-53
0.0726	8.670410841e-54
0.0732	3.362064478e-54
0.0738	1.310371446e-54
0.0744	5.133221993e-55
0.075	2.021054427e-55
0.0756	7.997298285e-56
0.0762	3.180319803e-56
0.0768	1.270999312e-56
0.0774	5.104481143e-57
0.078	2.060033808e-57
0.0786	8.354071616e-58
0.0792	3.404142708e-58
0.0798	1.393758842e-58
0.0804	5.733534247e-59
0.081	2.369717999e-59
0.0816	9.839997664e-60
0.0822	4.104894515e-60
0.0828	1.720292574e-60
0.0834	7.242368111e-61
0.084	3.062820459e-61
0.0846	1.301097636e-61
0.0852	5.551756748e-62
0.0858	2.379403016e-62
0.0864	1.024253666e-62
0.087	4.428268597e-63
0.0876	1.922792098e-63
0.0882	8.384704421e-64
0.0888	3.671854196e-64
0.0894	1.614769754e-64
0.09	7.130970542e-65
0.0906	3.162168246e-65
0.0912	1.408008005e-65
0.0918	6.29498518e-66
0.0924	2.825787166e-66
0.093	1.273576803e-66
0.0936	5.762855013e-67
0.0942	2.617960637e-67
0.0948	1.193953749e-67
0.0954	5.466345486e-68
0.096	2.512338447e-68
0.0966	1.15908991e-68
0.0972	5.367852129e-69
0.0978	2.495255554e-69
0.0984	1.164252894e-69
0.099	5.452356916e-70
0.0996	2.562788937e-70
0.1002	1.208982687e-70
0.1008	5.723915002e-71
0.1014	2.71969003e-71
0.102	1.29683934e-71
0.1026	6.20556006e-72
0.1032	2.979829709e-72
0.1038	1.435837493e-72
0.1044	6.942411481e-73
0.105	3.368174438e-73
0.1056	1.639630615e-73
0.1062	8.008530712e-74
0.1068	3.924671658e-74
0.1074	1.929682474e-74
0.108	9.518946933e-75
0.1086	4.710869649e-75
0.1092	2.338897033e-75
0.1098	1.164951285e-75
0.1104	5.820764e-76
0.111	2.917539916e-76
0.1116	1.466923071e-76
0.1122	7.39845135e-77
0.1128	3.742885944e-77
0.1134	1.899302287e-77
0.114	9.667025376e-78
0.1146	4.935061153e-78
0.1152	2.526869861e-78
0.1158	1.297638474e-78
0.1164	6.683362166e-79
0.117	3.452206489e-79
0.1176	1.788336164e-79
0.1182	9.290571188e-80
0.1188	4.840239663e-80
0.1194	2.528791009e-80
0.12	1.324863559e-80
0.1206	6.960366849e-81
0.1212	3.666794506e-81
0.1218	1.936980644e-81
0.1224	1.025980597e-81
0.123	5.449029423e-82
0.1236	2.901725775e-82
0.1242	1.549322934e-82
0.1248	8.294059489e-83
0.1254	4.451673349e-83
0.126	2.395531021e-83
0.1266	1.292391756e-83
0.1272	6.990238875e-84
0.1278	3.790416944e-84
0.1284	2.060491543e-84
0.129	1.122885328e-84
0.1296	6.134407387e-85
0.1302	3.359498514e-85
0.1308	1.84430609e-85
0.1314	1.014940094e-85
0.132	5.598722098e-86
0.1326	3.095785161e-86
0.1332	1.715846774e-86
0.1338	9.532447787e-87
0.1344	5.308125045e-87
0.135	2.96265608e-87
0.1356	1.657362076e-87
0.1362	9.292709684e-88
0.1368	5.222145634e-88
0.1374	2.941237664e-88
0.138	1.660270114e-88
0.1386	9.39264494e-89
0.1392	5.32538098e-89
0.1398	3.025939559e-89
0.1404	1.723097439e-89
0.141	9.833151845e-90
0.1416	5.623443536e-90
0.1422	3.222790278e-90
0.1428	1.850867611e-90
0.1434	1.065186924e-90
0.144	6.142951322e-91
0.1446	3.549954422e-91
0.1452	2.055685515e-91
0.1458	1.192813566e-91
0.1464	6.935285084e-92
0.147	4.040413739e-92
0.1476	2.358582705e-92
0.1482	1.379539574e-92
0.1488	8.084796466e-93
0.1494	4.74733676e-93
0.15	2.793001786e-93
0.1506	1.646367819e-93
0.1512	9.72324699e-94
0.1518	5.753325261e-94
0.1524	3.410704673e-94
0.153	2.025729051e-94
0.1536	1.205383304e-94
0.1542	7.185717459e-95
0.1548	4.291517407e-95
0.1554	2.567686943e-95
0.156	1.539070257e-95
0.1566	9.241761825e-96
0.1572	5.559373799e-96
0.1578	3.350168335e-96
0.1584	2.022422795e-96
0.159	1.223029151e-96
0.1596	7.40894232e-97
0.1602	4.495988847e-97
0.1608	2.732995694e-97
0.1614	1.66415023e-97
0.162	1.015035343e-97
0.1626	6.201547725e-98
0.1632	3.79528669e-98
0.1638	2.326537087e-98
0.1644	1.428537462e-98
0.165	8.785873735e-99
0.1656	5.412344112e-99
0.1662	3.339553879e-99
0.1668	2.063904748e-99
0.1674	1.277569571e-99
0.168	7.920795368e-100
0.1686	4.918560336e-100
0.1692	3.059059175e-100
0.1698	1.905522785e-100
0.1704	1.188810338e-100
0.171	7.428120886e-101
0.1716	4.648460617e-101
0.1722	2.913392712e-101
0.1728	1.82870856e-101
0.1734	1.149586117e-101
0.174	7.237457942e-102
0.1746	4.563248775e-102
0.1752	2.881388672e-102
0.1758	1.822070758e-102
0.1764	1.153879484e-102
0.177	7.317852337e-103
0.1776	4.647624148e-103
0.1782	2.955961333e-103
0.1788	1.88270877e-103
0.1794	1.200827096e-103
0.18	7.669853511e-104
0.1806	4.905680599e-104
0.1812	3.142052665e-104
0.1818	2.015236674e-104
0.1824	1.294295697e-104
0.183	8.324004044e-105
0.1836	5.360667725e-105
0.1842	3.456924228e-105
0.1848	2.232244498e-105
0.1854	1.443348429e-105
0.186	9.344901958e-106
0.1866	6.058276737e-106
0.1872	3.932701071e-106
0.1878	2.556212423e-106
0.1884	1.663657241e-106
0.189	1.084147661e-106
0.1896	7.074039419e-107
0.1902	4.621657772e-107
0.1908	3.02326489e-107
0.1914	1.980156853e-107
0.192	1.298568467e-107
0.1926	8.526462704e-108
0.1932	5.605426566e-108
0.1938	3.689615691e-108
0.1944	2.431550446e-108
0.195	1.604398099e-108
0.1956	1.059899623e-108
0.1962	7.010324883e-109
0.1968	4.642259891e-109
0.1974	3.077767184e-109
0.198	2.042933472e-109
0.1986	1.357631752e-109
0.1992	9.032671856e-110
0.1998	6.016641951e-110
0.2004	4.012296467e-110
0.201	2.678736681e-110
0.2016	1.790451105e-110
0.2022	1.198084995e-110
0.2028	8.026067876e-111
0.2034	5.382764717e-111
0.204	3.6140378e-111
0.2046	2.429193356e-111
0.2052	1.634598047e-111
0.2058	1.101125399e-111
0.2064	7.425692061e-112
0.207	5.013129202e-112
0.2076	3.388052599e-112
0.2082	2.292229886e-112
0.2088	1.552496009e-112
0.2094	1.0526031e-112
0.21	7.144275289e-113
0.2106	4.854099489e-113
0.2112	3.301518334e-113
0.2118	2.247868546e-113
0.2124	1.532067473e-113
0.213	1.04527919e-113
0.2136	7.138908425e-114
0.2142	4.880609864e-114
0.2148	3.340079857e-114
0.2154	2.288114737e-114
0.216	1.569042369e-114
0.2166	1.077023598e-114
0.2172	7.400263933e-115
0.2178	5.089773153e-115
0.2184	3.504101453e-115
0.219	2.414792183e-115
0.2196	1.665733535e-115
0.2202	1.150142958e-115
0.2208	7.949073506e-116
0.2214	5.499174177e-116
0.222	3.807962025e-116
0.2226	2.63936726e-116
0.2232	1.831121038e-116
0.2238	1.271575738e-116
0.2244	8.838393331e-117
0.225	6.149053913e-117
0.2256	4.281985065e-117
0.2262	2.984570686e-117
0.2268	2.082171415e-117
0.2274	1.453941766e-117
0.228	1.016182029e-117
0.2286	7.108664765e-118
0.2292	4.977309605e-118
0.2298	3.48810431e-118
0.2304	2.446642738e-118
0.231	1.717655452e-118
0.2316	1.206935537e-118
0.2322	8.488144542e-119
0.2328	5.974757478e-119
0.2334	4.209250646e-119
0.234	2.968003876e-119
0.2346	2.094582661e-119
0.2352	1.479456207e-119
0.2358	1.045867127e-119
0.2364	7.399782074e-120
0.237	5.239955626e-120
0.2376	3.713648597e-120
0.2382	2.634127479e-120
0.2388	1.869966544e-120
0.2394	1.328587741e-120
0.24	9.447226007e-121
0.2406	6.723173904e-121
0.2412	4.788491126e-121
0.2418	3.413309499e-121
0.2424	2.43502622e-121
0.243	1.738525102e-121
0.2436	1.242241441e-121
0.2442	8.883358051e-122
0.2448	6.357594469e-122
0.2454	4.553563358e-122
0.246	3.264008399e-122
0.2466	2.341482417e-122
0.2472	1.681003899e-122
0.2478	1.207767044e-122
0.2484	8.684258103e-123
0.249	6.249076364e-123
0.2496	4.500191362e-123
0.2502	3.243221882e-123
0.2508	2.339113905e-123
0.2514	1.68831554e-123
0.252	1.219500332e-123
0.2526	8.815253677e-124
0.2532	6.376917982e-124
0.2538	4.616454097e-124
0.2544	3.344463368e-124
0.255	2.424728763e-124
0.2556	1.759208282e-124
0.2562	1.277283551e-124
0.2568	9.280511972e-125
0.2574	6.747916705e-125
0.258	4.909974837e-125
0.2586	3.575190749e-125
0.2592	2.605122797e-125
0.2598	1.899611766e-125
0.2604	1.386142317e-125
0.261	1.012175384e-125
0.2616	7.396178159e-126
0.2622	5.408306252e-126
0.2628	3.957456877e-126
0.2634	2.89781597e-126
0.264	2.123360858e-126
0.2646	1.556947316e-126
0.2652	1.142404351e-126
0.2658	8.388036775e-127
0.2664	6.163027175e-127
0.267	4.53126916e-127
0.2676	3.333775937e-127
0.2682	2.454383833e-127
0.2688	1.808159957e-127
0.2694	1.332963561e-127
0.27	9.832988961e-128
0.2706	7.258342514e-128
0.2712	5.361333125e-128
0.2718	3.962692365e-128
0.2724	2.930818773e-128
0.273	2.169039346e-128
0.2736	1.606292308e-128
0.2742	1.190307707e-128
0.2748	8.82612894e-129
0.2754	6.548721063e-129
0.276	4.862020366e-129
0.2766	3.612018553e-129
0.2772	2.685065944e-129
0.2778	1.997241584e-129
0.2784	1.486537211e-129
0.279	1.107106499e-129
0.2796	8.250311388e-130
0.2802	6.152016722e-130
0.2808	4.590180986e-130
0.2814	3.426937331e-130
0.282	2.560032551e-130
0.2826	1.913580394e-130
0.2832	1.431227831e-130
0.2838	1.071101453e-130
0.2844	8.020679589e-131
0.285	6.009653091e-131
0.2856	4.505513289e-131
0.2862	3.379829167e-131
0.2868	2.536879264e-131
0.2874	1.905278211e-131
0.288	1.431757742e-131
0.2886	1.076545047e-131
0.2892	8.09926106e-132
0.2898	6.096886557e-132
0.2904	4.592184886e-132
0.291	3.460813239e-132
0.2916	2.609657599e-132
0.2922	1.968949096e-132
0.2928	1.486380746e-132
0.2934	1.122714455e-132
0.294	8.484988544e-133
0.2946	6.416156627e-133
0.2952	4.854443581e-133
0.2958	3.674885581e-133
0.2964	2.783473639e-133
0.297	2.109445942e-133
0.2976	1.599509264e-133
0.2982	1.213504165e-133
0.2988	9.211514083e-134
0.2994	6.996085333e-134
0.3	5.316338191e-134
0.3006	4.042058808e-134
0.3012	3.074852498e-134
0.3018	2.340327792e-134
0.3024	1.782210313e-134
0.303	1.357907527e-134
0.3036	1.03516492e-134
0.3042	7.895436317e-135
0.3048	6.025167136e-135
0.3054	4.600315079e-135
0.306	3.514234343e-135
0.3066	2.685948439e-135
0.3072	2.053939238e-135
0.3078	1.571446642e-135
0.3084	1.202909568e-135
0.309	9.212696849e-136
0.3096	7.059276903e-136
0.3102	5.411933715e-136
0.3108	4.151095425e-136
0.3114	3.185591987e-136
0.312	2.445873324e-136
0.3126	1.878855342e-136
0.3132	1.444001026e-136
0.3138	1.110339115e-136
0.3144	8.541948852e-137
0.315	6.574620614e-137
0.3156	5.062861526e-137
0.3162	3.900607447e-137
0.3168	3.006619798e-137
0.3174	2.318644049e-137
0.318	1.788949942e-137
0.3186	1.380924933e-137
0.3192	1.066470811e-137
0.3198	8.240131505e-138
0.3204	6.369785834e-138
0.321	4.926293613e-138
0.3216	3.811709446e-138
0.3222	2.950683181e-138
0.3228	2.28521959e-138
0.3234	1.770659816e-138
0.324	1.372598232e-138
0.3246	1.064515843e-138
0.3252	8.259628156e-139
0.3258	6.4116207e-139
0.3264	4.979358538e-139
0.327	3.868802138e-139
0.3276	3.007298112e-139
0.3282	2.338689619e-139
0.3288	1.819550623e-139
0.3294	1.416284349e-139
0.33	1.102886547e-139
0.3306	8.592204582e-140
0.3312	6.696857922e-140
0.3318	5.221912504e-140
0.3324	4.073610041e-140
0.333	3.179215745e-140
0.3336	2.482278862e-140
0.3342	1.938967344e-140
0.3348	1.515231947e-140
0.3354	1.184611063e-140
0.336	9.265307542e-141
0.3366	7.249876935e-141
0.3372	5.675283018e-141
0.3378	4.444571172e-141
0.3384	3.482226517e-141
0.339	2.729407294e-141
0.3396	2.140243667e-141
0.3402	1.678962543e-141
0.3408	1.317653079e-141
0.3414	1.034529358e-141
0.342	8.12579014e-142
0.3426	6.385116291e-142
0.3432	5.019400325e-142
0.3438	3.947426571e-142
0.3444	3.105666954e-142
0.345	2.444407976e-142
0.3456	1.924730341e-142
0.3462	1.516152489e-142
0.3468	1.194791347e-142
0.3474	9.419261557e-143
0.348	7.428765637e-143
0.3486	5.861258616e-143
0.3492	4.626354982e-143
0.3498	3.65308926e-143
0.3504	2.885720721e-143
0.351	2.280449296e-143
0.3516	1.80284371e-143
0.3522	1.425826573e-143
0.3528	1.128095144e-143
0.3534	8.928830757e-144
0.354	7.069891155e-144
0.3546	5.600148983e-144
0.3552	4.437665828e-144
0.3558	3.517849194e-144
0.3564	2.789760356e-144
0.357	2.213212373e-144
0.3576	1.756488239e-144
0.3582	1.394545942e-144
0.3588	1.107605976e-144
0.3594	8.800393694e-145
0.36	6.994919559e-145
0.3606	5.561944213e-145
0.3612	4.424185052e-145
0.3618	3.520482293e-145
0.3624	2.802416912e-145
0.363	2.231641891e-145
0.3636	1.777775533e-145
0.3642	1.41673782e-145
0.3648	1.129436138e-145
0.3654	9.007266001e-146
0.366	7.185928726e-146
0.3666	5.734967e-146
0.3672	4.578640417e-146
0.3678	3.656783481e-146
0.3684	2.92158516e-146
0.369	2.33503799e-146
0.3696	1.866916757e-146
0.3702	1.493176226e-146
0.3708	1.194680565e-146
0.3714	9.561954259e-147
0.372	7.655880932e-147
0.3726	6.131925093e-147
0.3732	4.913050092e-147
0.3738	3.937837086e-147
0.3744	3.157301257e-147
0.375	2.532360615e-147
0.3756	2.031822926e-147
0.3762	1.630784107e-147
0.3768	1.309353531e-147
0.3774	1.051639165e-147
0.378	8.449392591e-148
0.3786	6.790983518e-148
0.3792	5.45993978e-148
0.3798	4.391274251e-148
0.3804	3.532973229e-148
0.381	2.843392123e-148
0.3816	2.289176812e-148
0.3822	1.84360401e-148
0.3828	1.485255697e-148
0.3834	1.196960013e-148
0.384	9.649447468e-149
0.3846	7.781605301e-149
0.3852	6.277395053e-149
0.3858	5.06562219e-149
0.3864	4.089109761e-149
0.387	3.301923031e-149
0.3876	2.667146658e-149
0.3882	2.155103801e-149
0.3888	1.741928829e-149
0.3894	1.408423016e-149
0.39	1.139136819e-149
0.3906	9.216336293e-150
0.3912	7.458988981e-150
0.3918	6.038657928e-150
0.3924	4.89034262e-150
0.393	3.961650204e-150
0.3936	3.210336343e-150
0.3942	2.602328409e-150
0.3948	2.110135874e-150
0.3954	1.711571644e-150
0.396	1.388723177e-150
0.3966	1.127124321e-150
0.3972	9.150884899e-151
0.3978	7.431715915e-151
0.3984	6.03739297e-151
0.399	4.906182863e-151
0.3996	3.98815074e-151
0.4002	3.24289251e-151
0.4008	2.637705509e-151
0.4014	2.146112252e-151
0.402	1.746668746e-151
0.4026	1.422002194e-151
0.4032	1.158033709e-151
0.4038	9.433502558e-152
0.4044	7.686970185e-152
0.405	6.265669705e-152
0.4056	5.108689367e-152
0.4062	4.166590484e-152
0.4068	3.399234197e-152
0.4074	2.774022201e-152
0.408	2.264472143e-152
0.4086	1.849063679e-152
0.4092	1.510303472e-152
0.4098	1.233967368e-152
0.4104	1.008485982e-152
0.411	8.244464079e-153
0.4116	6.741879819e-153
0.4122	5.514742452e-153
0.4128	4.512266658e-153
0.4134	3.693084251e-153
0.414	3.02348804e-153
0.4146	2.476005025e-153
0.4152	2.028236823e-153
0.4158	1.661916993e-153
0.4164	1.362144459e-153
0.417	1.116759958e-153
0.4176	9.158386749e-154
0.4182	7.512772876e-154
0.4188	6.164577698e-154
0.4194	5.059735923e-154
0.42	4.154066827e-154
0.4206	3.411456795e-154
0.4212	2.802377922e-154
0.4218	2.302680188e-154
0.4224	1.892606403e-154
0.423	1.555988601e-154
0.4236	1.279592277e-154
0.4242	1.052581109e-154
0.4248	8.6607991e-155
0.4254	7.128176788e-155
0.426	5.86835985e-155
0.4266	4.832506687e-155
0.4272	3.980570478e-155
0.4278	3.279706469e-155
0.4284	2.702969332e-155
0.429	2.228247474e-155
0.4296	1.837390944e-155
0.4302	1.515497578e-155
0.4308	1.250328503e-155
0.4314	1.031829432e-155
0.432	8.517384883e-156
0.4326	7.032648355e-156
0.4332	5.808252525e-156
0.4338	4.798281521e-156
0.4344	3.964964461e-156
0.435	3.277222323e-156
0.4356	2.709475542e-156
0.4362	2.240665288e-156
0.4368	1.853449911e-156
0.4374	1.533545039e-156
0.438	1.269181491e-156
0.4386	1.050659852e-156
0.4392	8.699843858e-157
0.4398	7.205620663e-157
0.4404	5.969550793e-157
0.441	4.946772443e-157
0.4416	4.100265169e-157
0.4422	3.399471404e-157
0.4428	2.819161696e-157
0.4434	2.338500324e-157
0.444	1.940275715e-157
0.4446	1.610266428e-157
0.4452	1.336718686e-157
0.4458	1.109915721e-157
0.4464	9.218227149e-158
0.447	7.657939712e-158
0.4476	6.363313684e-158
0.4482	5.288850523e-158
0.4488	4.396889418e-158
0.4494	3.656249333e-158
0.45	3.041107678e-158
0.4506	2.530074132e-158
0.4512	2.105425478e-158
0.4518	1.752473284e-158
0.4524	1.459041241e-158
0.453	1.215033038e-158
0.4536	1.012074986e-158
0.4542	8.432204104e-159
0.4548	7.02705049e-159
0.4554	5.857446274e-159
0.456	4.883672834e-159
0.4566	4.072748122e-159
0.4572	3.397277466e-159
0.4578	2.834501534e-159
0.4584	2.365507462e-159
0.459	1.974574999e-159
0.4596	1.648634446e-159
0.4602	1.376817155e-159
0.4608	1.150082702e-159
0.4614	9.609095727e-160
0.462	8.030384796e-160
0.4626	6.712593121e-160
0.4632	5.612342502e-160
0.4638	4.693508739e-160
0.4644	3.926001511e-160
0.465	3.28475066e-160
0.4656	2.748863773e-160
0.4662	2.300925934e-160
0.4668	1.926417535e-160
0.4674	1.613230112e-160
0.468	1.351263613e-160
0.4686	1.132091327e-160
0.4692	9.486810304e-161
0.4698	7.951628783e-161
0.4704	6.666361499e-161
0.471	5.590083095e-161
0.4716	4.688609507e-161
0.4722	3.933381038e-161
0.4728	3.300531567e-161
0.4734	2.770112692e-161
0.474	2.325446861e-161
0.4746	1.952587934e-161
0.4752	1.639871221e-161
0.4758	1.377538078e-161
0.4764	1.157422634e-161
0.477	9.726902998e-162
0.4776	8.176194628e-162
0.4782	6.874191816e-162
0.4788	5.780769189e-162
0.4794	4.862313302e-162
0.48	4.090659633e-162
0.4806	3.442204107e-162
0.4812	2.897160333e-162
0.4818	2.438938523e-162
0.4824	2.053626032e-162
0.483	1.729552807e-162
0.4836	1.456927784e-162
0.4842	1.227534576e-162
0.4848	1.034476733e-162
0.4854	8.719644591e-163
0.486	7.351359833e-163
0.4866	6.199079391e-163
0.4872	5.228500037e-163
0.4878	4.410798444e-163
0.4884	3.721750639e-163
0.489	3.140993764e-163
0.4896	2.65140703e-163
0.4902	2.238592493e-163
0.4908	1.890439476e-163
0.4914	1.596759071e-163
0.492	1.348977397e-163
0.4926	1.139878091e-163
0.4932	9.633861107e-164
0.4938	8.143861586e-164
0.4944	6.885701704e-164
0.495	5.823091755e-164
0.4956	4.925456188e-164
0.4962	4.167028561e-164
0.4968	3.52609067e-164
0.4974	2.984332776e-164
0.498	2.526315518e-164
0.4986	2.139017282e-164
0.4992	1.811453351e-164
0.4998	1.534355408e-164
0.5004	1.299901761e-164
0.501	1.101490213e-164
0.5016	9.335468075e-165
0.5022	7.913647413e-165
0.5028	6.709686639e-165
0.5034	5.690003345e-165
0.504	4.826222599e-165
0.5046	4.094364669e-165
0.5052	3.474160193e-165
0.5058	2.948472683e-165
0.5064	2.502811434e-165
0.507	2.124920614e-165
0.5076	1.804432544e-165
0.5082	1.532575084e-165
0.5088	1.301924633e-165
0.5094	1.106197591e-165
0.51	9.400742599e-166
0.5106	7.990501018e-166
0.5112	6.793100919e-166
0.5118	5.776225469e-166
0.5124	4.912494003e-166
0.513	4.178703584e-166
0.5136	3.555187791e-166
0.5142	3.025274496e-166
0.5148	2.574827265e-166
0.5154	2.191857414e-166
0.516	1.866195761e-166
0.5166	1.589214847e-166
0.5172	1.353593809e-166
0.5178	1.153119327e-166
0.5184	9.825170752e-167
0.519	8.373089677e-167
0.5196	7.136922434e-167
0.5202	6.084370162e-167
0.5208	5.187994594e-167
0.5214	4.424482255e-167
0.522	3.774020688e-167
0.5226	3.219769576e-167
0.5232	2.747412228e-167
0.5238	2.344775147e-167
0.5244	2.001505284e-167
0.525	1.708796189e-167
0.5256	1.459155591e-167
0.5262	1.246208117e-167
0.5268	1.064527802e-167
0.5274	9.094958617e-168
0.528	7.771798982e-168
0.5286	6.642312903e-168
0.5292	5.677980133e-168
0.5298	4.854505551e-168
0.5304	4.1511895e-168
0.531	3.550392515e-168
0.5316	3.037080212e-168
0.5322	2.598436261e-168
0.5328	2.223533198e-168
0.5334	1.903052386e-168
0.534	1.629045732e-168
0.5346	1.394732912e-168
0.5352	1.194328773e-168
0.5358	1.022896396e-168
0.5364	8.762219788e-169
0.537	7.507082918e-169
0.5376	6.432839181e-169
0.5382	5.513259354e-169
0.5388	4.725940344e-169
0.5394	4.051743723e-169
0.54	3.47431714e-169
0.5406	2.979686311e-169
0.5412	2.555907117e-169
0.5418	2.192768897e-169
0.5424	1.881541367e-169
0.543	1.6147587e-169
0.5436	1.386035294e-169
0.5442	1.189908538e-169
0.5448	1.021704601e-169
0.5454	8.774238534e-170
0.546	7.536430291e-170
0.5466	6.474316722e-170
0.5472	5.562807671e-170
0.5478	4.780417655e-170
0.5484	4.108744885e-170
0.549	3.53202602e-170
0.5496	3.036755601e-170
0.5502	2.611360695e-170
0.5508	2.245922712e-170
0.5514	1.931939491e-170
0.552	1.662121816e-170
0.5526	1.430219335e-170
0.5532	1.230871607e-170
0.5538	1.059480641e-170
0.5544	9.121017945e-171
0.555	7.853503788e-171
0.5556	6.763216942e-171
0.5562	5.825225524e-171
0.5568	5.018126272e-171
0.5574	4.32354213e-171
0.558	3.725691798e-171
0.5586	3.211020883e-171
0.5592	2.767885762e-171
0.5598	2.386282599e-171
0.5604	2.057615025e-171
0.561	1.774494923e-171
0.5616	1.530571582e-171
0.5622	1.32038515e-171
0.5628	1.139240917e-171
0.5634	9.831014413e-172
0.564	8.484939738e-172
0.5646	7.324310055e-172
0.5652	6.323420551e-172
0.5658	5.460151055e-172
0.5664	4.715463128e-172
0.567	4.07296814e-172
0.5676	3.518556232e-172
0.5682	3.040077557e-172
0.5688	2.627068367e-172
0.5694	2.270515612e-172
0.57	1.962654602e-172
0.5706	1.696795059e-172
0.5712	1.467171547e-172
0.5718	1.268814859e-172
0.5724	1.097441385e-172
0.573	9.493579517e-173
0.5736	8.213799485e-173
0.5742	7.10760871e-173
0.5748	6.151316882e-173
0.5754	5.324486491e-173
0.576	4.609483503e-173
0.5766	3.991090472e-173
0.5772	3.456173367e-173
0.5778	2.993394605e-173
0.5784	2.592965851e-173
0.579	2.246435036e-173
0.5796	1.946502832e-173
0.5802	1.686864481e-173
0.5808	1.462073463e-173
0.5814	1.267423957e-173
0.582	1.098849502e-173
0.5826	9.528356015e-174
0.5832	8.263443514e-174
0.5838	7.167494164e-174
0.5844	6.217799345e-174
0.585	5.394721121e-174
0.5856	4.681274506e-174
0.5862	4.062766888e-174
0.5868	3.526486772e-174
0.5874	3.061435024e-174
0.588	2.658092804e-174
0.5886	2.308221136e-174
0.5892	2.004687775e-174
0.5898	1.741317642e-174
0.5904	1.512763589e-174
0.591	1.314394722e-174
0.5916	1.14219987e-174
0.5922	9.927041547e-175
0.5928	8.628968469e-175
0.5934	7.501689965e-175
0.594	6.522594876e-175
0.5946	5.672083827e-175
0.5952	4.933165624e-175
0.5958	4.291108061e-175
0.5964	3.73313576e-175
0.597	3.248168674e-175
0.5976	2.826595739e-175
0.5982	2.46007894e-175
0.5988	2.141383656e-175
0.5994	1.864231757e-175
